0,0,0,0,10,-154.47095890164167
0,0,0,0,20,-114.12934124091497
0,0,0,0,30,-81.08725592632796
0,0,0,0,40,-55.34470295788063
0,0,0,0,50,-36.901682335573014
0,0,0,0,60,-25.75819405940507
0,0,0,0,70,-21.9142381293768
0,0,0,0,80,-25.369814545488254
0,0,0,0,90,-36.12492330773938
0,0,0,0,100,-54.17956441613018
0,0,0,1,10,-175.7152660725409
0,0,0,1,20,-135.3736484118142
0,0,0,1,30,-102.3315630972272
0,0,0,1,40,-76.58901012877988
0,0,0,1,50,-58.14598950647223
0,0,0,1,60,-47.00250123030435
0,0,0,1,70,-43.158545300276074
0,0,0,1,80,-46.61412171638753
0,0,0,1,90,-57.369230478638656
0,0,0,1,100,-75.42387158702945
0,0,1,0,10,-209.34477913563626
0,0,1,0,20,-169.00316147490958
0,0,1,0,30,-135.96107616032256
0,0,1,0,40,-110.21852319187522
0,0,1,0,50,-91.77550256956759
0,0,1,0,60,-80.63201429339966
0,0,1,0,70,-76.78805836337139
0,0,1,0,80,-80.24363477948285
0,0,1,0,90,-90.99874354173397
0,0,1,0,100,-109.05338465012477
0,0,1,1,10,-230.5890863065355
0,0,1,1,20,-190.24746864580882
0,0,1,1,30,-157.2053833312218
0,0,1,1,40,-131.4628303627745
0,0,1,1,50,-113.01980974046687
0,0,1,1,60,-101.87632146429894
0,0,1,1,70,-98.03236553427067
0,0,1,1,80,-101.48794195038212
0,0,1,1,90,-112.24305071263325
0,0,1,1,100,-130.29769182102405
0,1,0,0,10,-233.0651450838732
0,1,0,0,20,-192.72352742314652
0,1,0,0,30,-159.6814421085595
0,1,0,0,40,-133.9388891401122
0,1,0,0,50,-115.49586851780457
0,1,0,0,60,-104.35238024163664
0,1,0,0,70,-100.50842431160837
0,1,0,0,80,-103.96400072771982
0,1,0,0,90,-114.71910948997095
0,1,0,0,100,-132.77375059836174
0,1,0,1,10,-254.30945225477245
0,1,0,1,20,-213.96783459404577
0,1,0,1,30,-180.92574927945876
0,1,0,1,40,-155.18319631101144
0,1,0,1,50,-136.7401756887038
0,1,0,1,60,-125.59668741253586
0,1,0,1,70,-121.75273148250758
0,1,0,1,80,-125.20830789861904
0,1,0,1,90,-135.96341666087017
0,1,0,1,100,-154.01805776926096
0,1,1,0,10,-287.9389653178678
0,1,1,0,20,-247.5973476571411
0,1,1,0,30,-214.5552623425541
0,1,1,0,40,-188.8127093741068
0,1,1,0,50,-170.36968875179917
0,1,1,0,60,-159.22620047563123
0,1,1,0,70,-155.38224454560296
0,1,1,0,80,-158.8378209617144
0,1,1,0,90,-169.59292972396554
0,1,1,0,100,-187.64757083235634
0,1,1,1,10,-309.1832724887671
0,1,1,1,20,-268.84165482804036
0,1,1,1,30,-235.79956951345338
0,1,1,1,40,-210.05701654500604
0,1,1,1,50,-191.6139959226984
0,1,1,1,60,-180.47050764653048
0,1,1,1,70,-176.6265517165022
0,1,1,1,80,-180.08212813261366
0,1,1,1,90,-190.83723689486476
0,1,1,1,100,-208.8918780032556
10,0,0,0,10,-112.30068983333904
10,0,0,0,20,-71.95907217261234
10,0,0,0,30,-38.916986858025325
10,0,0,0,40,-13.174433889578012
10,0,0,0,50,5.268586732729602
10,0,0,0,60,16.412075008897546
10,0,0,0,70,20.256030938925818
10,0,0,0,80,16.800454522814363
10,0,0,0,90,6.045345760563237
10,0,0,0,100,-12.009295347827504
10,0,0,1,10,-133.54499700423827
10,0,0,1,20,-93.20337934351159
10,0,0,1,30,-60.1612940289246
10,0,0,1,40,-34.41874106047726
10,0,0,1,50,-15.975720438169617
10,0,0,1,60,-4.832232162001674
10,0,0,1,70,-0.9882762319734013
10,0,0,1,80,-4.443852648084857
10,0,0,1,90,-15.198961410335983
10,0,0,1,100,-33.25360251872684
10,0,1,0,10,-167.17451006733364
10,0,1,0,20,-126.83289240660694
10,0,1,0,30,-93.79080709201993
10,0,1,0,40,-68.0482541235726
10,0,1,0,50,-49.60523350126499
10,0,1,0,60,-38.46174522509705
10,0,1,0,70,-34.617789295068775
10,0,1,0,80,-38.07336571118023
10,0,1,0,90,-48.828474473431356
10,0,1,0,100,-66.88311558182215
10,0,1,1,10,-188.4188172382329
10,0,1,1,20,-148.07719957750618
10,0,1,1,30,-115.03511426291918
10,0,1,1,40,-89.29256129447185
10,0,1,1,50,-70.84954067216421
10,0,1,1,60,-59.70605239599632
10,0,1,1,70,-55.862096465967994
10,0,1,1,80,-59.317672882079506
10,0,1,1,90,-70.07278164433058
10,0,1,1,100,-88.12742275272143
10,1,0,0,10,-190.8948760155706
10,1,0,0,20,-150.55325835484388
10,1,0,0,30,-117.51117304025688
10,1,0,0,40,-91.76862007180955
10,1,0,0,50,-73.32559944950191
10,1,0,0,60,-62.18211117333402
10,1,0,0,70,-58.33815524330569
10,1,0,0,80,-61.793731659417205
10,1,0,0,90,-72.54884042166827
10,1,0,0,100,-90.60348153005913
10,1,0,1,10,-212.13918318646984
10,1,0,1,20,-171.79756552574312
10,1,0,1,30,-138.7554802111561
10,1,0,1,40,-113.0129272427088
10,1,0,1,50,-94.56990662040117
10,1,0,1,60,-83.42641834423324
10,1,0,1,70,-79.58246241420497
10,1,0,1,80,-83.03803883031642
10,1,0,1,90,-93.79314759256755
10,1,0,1,100,-111.84778870095835
10,1,1,0,10,-245.76869624956518
10,1,1,0,20,-205.4270785888385
10,1,1,0,30,-172.38499327425149
10,1,1,0,40,-146.64244030580417
10,1,1,0,50,-128.19941968349656
10,1,1,0,60,-117.05593140732861
10,1,1,0,70,-113.21197547730034
10,1,1,0,80,-116.6675518934118
10,1,1,0,90,-127.42266065566292
10,1,1,0,100,-145.47730176405372
10,1,1,1,10,-267.01300342046443
10,1,1,1,20,-226.67138575973775
10,1,1,1,30,-193.62930044515073
10,1,1,1,40,-167.88674747670342
10,1,1,1,50,-149.44372685439578
10,1,1,1,60,-138.30023857822783
10,1,1,1,70,-134.45628264819956
10,1,1,1,80,-137.91185906431102
10,1,1,1,90,-148.66696782656214
10,1,1,1,100,-166.72160893495294
20,0,0,0,10,-78.1245451546312
20,0,0,0,20,-37.78292749390451
20,0,0,0,30,-4.740842179317497
20,0,0,0,40,21.001710789129817
20,0,0,0,50,39.44473141143743
20,0,0,0,60,50.588219687605374
20,0,0,0,70,54.432175617633675
20,0,0,0,80,50.97659920152219
20,0,0,0,90,40.221490439271065
20,0,0,0,100,22.166849330880325
20,0,0,1,10,-99.36885232553045
20,0,0,1,20,-59.02723466480373
20,0,0,1,30,-25.985149350216716
20,0,0,1,40,-0.24259638176940257
20,0,0,1,50,18.20042424053821
20,0,0,1,60,29.343912516706155
20,0,0,1,70,33.18786844673443
20,0,0,1,80,29.732292030622972
20,0,0,1,90,18.977183268371846
20,0,0,1,100,0.922542159980992
20,0,1,0,10,-132.9983653886258
20,0,1,0,20,-92.65674772789912
20,0,1,0,30,-59.61466241331209
20,0,1,0,40,-33.872109444864776
20,0,1,0,50,-15.429088822557162
20,0,1,0,60,-4.285600546389219
20,0,1,0,70,-0.44164461636094643
20,0,1,0,80,-3.8972210324724017
20,0,1,0,90,-14.652329794723528
20,0,1,0,100,-32.70697090311438
20,0,1,1,10,-154.24267255952506
20,0,1,1,20,-113.90105489879836
20,0,1,1,30,-80.85896958421135
20,0,1,1,40,-55.116416615764024
20,0,1,1,50,-36.67339599345644
20,0,1,1,60,-25.529907717288495
20,0,1,1,70,-21.685951787260223
20,0,1,1,80,-25.141528203371678
20,0,1,1,90,-35.896636965622804
20,0,1,1,100,-53.9512780740136
20,1,0,0,10,-156.71873133686276
20,1,0,0,20,-116.37711367613606
20,1,0,0,30,-83.33502836154905
20,1,0,0,40,-57.59247539310172
20,1,0,0,50,-39.14945477079408
20,1,0,0,60,-28.005966494626193
20,1,0,0,70,-24.162010564597864
20,1,0,0,80,-27.617586980709376
20,1,0,0,90,-38.372695742960445
20,1,0,0,100,-56.4273368513513
20,1,0,1,10,-177.963038507762
20,1,0,1,20,-137.62142084703532
20,1,0,1,30,-104.5793355324483
20,1,0,1,40,-78.83678256400097
20,1,0,1,50,-60.393761941693356
20,1,0,1,60,-49.25027366552541
20,1,0,1,70,-45.40631773549714
20,1,0,1,80,-48.861894151608595
20,1,0,1,90,-59.61700291385972
20,1,0,1,100,-77.67164402225052
20,1,1,0,10,-211.59255157085735
20,1,1,0,20,-171.25093391013067
20,1,1,0,30,-138.20884859554366
20,1,1,0,40,-112.46629562709634
20,1,1,0,50,-94.02327500478872
20,1,1,0,60,-82.87978672862079
20,1,1,0,70,-79.03583079859251
20,1,1,0,80,-82.49140721470397
20,1,1,0,90,-93.2465159769551
20,1,1,0,100,-111.30115708534589
20,1,1,1,10,-232.8368587417566
20,1,1,1,20,-192.49524108102992
20,1,1,1,30,-159.4531557664429
20,1,1,1,40,-133.7106027979956
20,1,1,1,50,-115.26758217568793
20,1,1,1,60,-104.12409389952
20,1,1,1,70,-100.28013796949173
20,1,1,1,80,-103.73571438560319
20,1,1,1,90,-114.49082314785431
20,1,1,1,100,-132.5454642562451
30,0,0,0,10,-51.94252486551818
30,0,0,0,20,-11.600907204791469
30,0,0,0,30,21.441178109795544
30,0,0,0,40,47.18373107824286
30,0,0,0,50,65.62675170055047
30,0,0,0,60,76.77023997671841
30,0,0,0,70,80.61419590674666
30,0,0,0,80,77.15861949063526
30,0,0,0,90,66.40351072838416
30,0,0,0,100,48.34886961999331
30,0,0,1,10,-73.18683203641743
30,0,0,1,20,-32.845214375690716
30,0,0,1,30,0.19687093889626794
30,0,0,1,40,25.939423907343638
30,0,0,1,50,44.382444529651195
30,0,0,1,60,55.525932805819195
30,0,0,1,70,59.36988873584744
30,0,0,1,80,55.91431231973604
30,0,0,1,90,45.15920355748483
30,0,0,1,100,27.10456244909409
30,0,1,0,10,-106.81634509951279
30,0,1,0,20,-66.47472743878606
30,0,1,0,30,-33.43264212419905
30,0,1,0,40,-7.6900891557517355
30,0,1,0,50,10.752931466555879
30,0,1,0,60,21.896419742723822
30,0,1,0,70,25.740375672752094
30,0,1,0,80,22.28479925664064
30,0,1,0,90,11.529690494389513
30,0,1,0,100,-6.524950614001284
30,0,1,1,10,-128.06065227041205
30,0,1,1,20,-87.71903460968535
30,0,1,1,30,-54.676949295098325
30,0,1,1,40,-28.93439632665101
30,0,1,1,50,-10.491375704343398
30,0,1,1,60,0.6521125718245457
30,0,1,1,70,4.496068501852818
30,0,1,1,80,1.0404920857413629
30,0,1,1,90,-9.714616676509763
30,0,1,1,100,-27.769257784900503
30,1,0,0,10,-130.53671104774975
30,1,0,0,20,-90.19509338702304
30,1,0,0,30,-57.15300807243602
30,1,0,0,40,-31.41045510398871
30,1,0,0,50,-12.967434481681096
30,1,0,0,60,-1.8239462055131526
30,1,0,0,70,2.02000972451512
30,1,0,0,80,-1.4355666915963354
30,1,0,0,90,-12.190675453847462
30,1,0,0,100,-30.2453165622382
30,1,0,1,10,-151.78101821864897
30,1,0,1,20,-111.43940055792228
30,1,0,1,30,-78.39731524333529
30,1,0,1,40,-52.65476227488796
30,1,0,1,50,-34.211741652580315
30,1,0,1,60,-23.068253376412372
30,1,0,1,70,-19.2242974463841
30,1,0,1,80,-22.679873862495555
30,1,0,1,90,-33.43498262474668
30,1,0,1,100,-51.489623733137535
30,1,1,0,10,-185.41053128174434
30,1,1,0,20,-145.06891362101763
30,1,1,0,30,-112.02682830643063
30,1,1,0,40,-86.2842753379833
30,1,1,0,50,-67.84125471567569
30,1,1,0,60,-56.697766439507745
30,1,1,0,70,-52.85381050947947
30,1,1,0,80,-56.30938692559093
30,1,1,0,90,-67.06449568784205
30,1,1,0,100,-85.11913679623285
30,1,1,1,10,-206.6548384526436
30,1,1,1,20,-166.31322079191688
30,1,1,1,30,-133.2711354773299
30,1,1,1,40,-107.52858250888255
30,1,1,1,50,-89.08556188657492
30,1,1,1,60,-77.942073610407
30,1,1,1,70,-74.09811768037869
30,1,1,1,80,-77.5536940964902
30,1,1,1,90,-88.30880285874127
30,1,1,1,100,-106.36344396713213
40,0,0,0,10,-33.7546289659999
40,0,0,0,20,6.586988694726813
40,0,0,0,30,39.629074009313854
40,0,0,0,40,65.37162697776108
40,0,0,0,50,83.81464760006878
40,0,0,0,60,94.95813587623667
40,0,0,0,70,98.80209180626503
40,0,0,0,80,95.34651539015351
40,0,0,0,90,84.59140662790242
40,0,0,0,100,66.53676551951156
40,0,0,1,10,-54.99893613689915
40,0,0,1,20,-14.657318476172435
40,0,0,1,30,18.384766838414578
40,0,0,1,40,44.12731980686189
40,0,0,1,50,62.570340429169505
40,0,0,1,60,73.71382870533745
40,0,0,1,70,77.55778463536569
40,0,0,1,80,74.1022082192543
40,0,0,1,90,63.347099457003196
40,0,0,1,100,45.29245834861234
40,0,1,0,10,-88.6284491999945
40,0,1,0,20,-48.28683153926781
40,0,1,0,30,-15.244746224680796
40,0,1,0,40,10.497806743766517
40,0,1,0,50,28.94082736607413
40,0,1,0,60,40.084315642242075
40,0,1,0,70,43.92827157227035
40,0,1,0,80,40.47269515615889
40,0,1,0,90,29.717586393907823
40,0,1,0,100,11.662945285516969
40,0,1,1,10,-109.87275637089375
40,0,1,1,20,-69.53113871016703
40,0,1,1,30,-36.489053395580015
40,0,1,1,40,-10.746500427132702
40,0,1,1,50,7.696520195174912
40,0,1,1,60,18.840008471342856
40,0,1,1,70,22.683964401371128
40,0,1,1,80,19.228387985259673
40,0,1,1,90,8.473279223008547
40,0,1,1,100,-9.58136188538225
40,1,0,0,10,-112.34881514823145
40,1,0,0,20,-72.00719748750473
40,1,0,0,30,-38.96511217291771
40,1,0,0,40,-13.2225592044704
40,1,0,0,50,5.220461417837214
40,1,0,0,60,16.363949694005157
40,1,0,0,70,20.20790562403343
40,1,0,0,80,16.752329207921974
40,1,0,0,90,5.997220445670848
40,1,0,0,100,-12.057420662719949
40,1,0,1,10,-133.5931223191307
40,1,0,1,20,-93.251504658404
40,1,0,1,30,-60.20941934381699
40,1,0,1,40,-34.466866375369676
40,1,0,1,50,-16.023845753062062
40,1,0,1,60,-4.880357476894119
40,1,0,1,70,-1.0364015468658465
40,1,0,1,80,-4.491977962977302
40,1,0,1,90,-15.247086725228428
40,1,0,1,100,-33.30172783361917
40,1,1,0,10,-167.22263538222606
40,1,1,0,20,-126.88101772149936
40,1,1,0,30,-93.83893240691235
40,1,1,0,40,-68.09637943846502
40,1,1,0,50,-49.65335881615738
40,1,1,0,60,-38.509870539989436
40,1,1,0,70,-34.66591460996122
40,1,1,0,80,-38.12149102607262
40,1,1,0,90,-48.8765997883238
40,1,1,0,100,-66.93124089671454
40,1,1,1,10,-188.4669425531253
40,1,1,1,20,-148.1253248923986
40,1,1,1,30,-115.0832395778116
40,1,1,1,40,-89.34068660936427
40,1,1,1,50,-70.89766598705666
40,1,1,1,60,-59.75417771088871
40,1,1,1,70,-55.91022178086044
40,1,1,1,80,-59.365798196971895
40,1,1,1,90,-70.12090695922302
40,1,1,1,100,-88.17554806761382
50,0,0,0,10,-23.560857456076434
50,0,0,0,20,16.780760204650278
50,0,0,0,30,49.82284551923726
50,0,0,0,40,75.5653984876846
50,0,0,0,50,94.00841910999219
50,0,0,0,60,105.15190738616019
50,0,0,0,70,108.99586331618843
50,0,0,0,80,105.54028690007704
50,0,0,0,90,94.78517813782582
50,0,0,0,100,76.73053702943508
50,0,0,1,10,-44.80516462697568
50,0,0,1,20,-4.46354696624897
50,0,0,1,30,28.578538348338043
50,0,0,1,40,54.32109131678533
50,0,0,1,50,72.76411193909297
50,0,0,1,60,83.90760021526091
50,0,0,1,70,87.75155614528921
50,0,0,1,80,84.29597972917782
50,0,0,1,90,73.5408709669266
50,0,0,1,100,55.48622985853575
50,0,1,0,10,-78.43467769007104
50,0,1,0,20,-38.09306002934434
50,0,1,0,30,-5.050974714757331
50,0,1,0,40,20.691578253689983
50,0,1,0,50,39.1345988759976
50,0,1,0,60,50.27808715216554
50,0,1,0,70,54.12204308219384
50,0,1,0,80,50.66646666608236
50,0,1,0,90,39.91135790383123
50,0,1,0,100,21.85671679544049
50,0,1,1,10,-99.67898486097029
50,0,1,1,20,-59.33736720024356
50,0,1,1,30,-26.29528188565655
50,0,1,1,40,-0.5527289172092367
50,0,1,1,50,17.890291705098377
50,0,1,1,60,29.03377998126632
50,0,1,1,70,32.87773591129459
50,0,1,1,80,29.422159495183138
50,0,1,1,90,18.66705073293201
50,0,1,1,100,0.6124096245411579
