0,0,0,0,10,-167.4383604432756
0,0,0,0,20,-125.08036209694681
0,0,0,0,30,-90.3596504157019
0,0,0,0,40,-63.27622539954089
0,0,0,0,50,-43.83008704846375
0,0,0,0,60,-32.02123536247049
0,0,0,0,70,-27.849670341561136
0,0,0,0,80,-31.31539198573563
0,0,0,0,90,-42.418400294994086
0,0,0,0,100,-61.158695269336334
0,0,0,1,10,-188.826455938463
0,0,0,1,20,-146.4684575921342
0,0,0,1,30,-111.74774591088931
0,0,0,1,40,-84.66432089472829
0,0,0,1,50,-65.21818254365115
0,0,0,1,60,-53.409330857657864
0,0,0,1,70,-49.23776583674851
0,0,0,1,80,-52.703487480923
0,0,0,1,90,-63.80649579018146
0,0,0,1,100,-82.5467907645237
0,0,1,0,10,-224.04731089493697
0,0,1,0,20,-181.68931254860817
0,0,1,0,30,-146.96860086736328
0,0,1,0,40,-119.88517585120226
0,0,1,0,50,-100.43903750012512
0,0,1,0,60,-88.63018581413186
0,0,1,0,70,-84.45862079322251
0,0,1,0,80,-87.924342437397
0,0,1,0,90,-99.02735074665546
0,0,1,0,100,-117.7676457209977
0,0,1,1,10,-245.43540639012437
0,0,1,1,20,-203.07740804379557
0,0,1,1,30,-168.35669636255068
0,0,1,1,40,-141.27327134638963
0,0,1,1,50,-121.8271329953125
0,0,1,1,60,-110.01828130931924
0,0,1,1,70,-105.84671628840988
0,0,1,1,80,-109.31243793258437
0,0,1,1,90,-120.41544624184283
0,0,1,1,100,-139.15574121618508
0,1,0,0,10,-251.23216620192352
0,1,0,0,20,-208.87416785559475
0,1,0,0,30,-174.15345617434986
0,1,0,0,40,-147.0700311581888
0,1,0,0,50,-127.62389280711167
0,1,0,0,60,-115.81504112111841
0,1,0,0,70,-111.64347610020906
0,1,0,0,80,-115.10919774438355
0,1,0,0,90,-126.212206053642
0,1,0,0,100,-144.95250102798425
0,1,0,1,10,-272.6202616971109
0,1,0,1,20,-230.26226335078212
0,1,0,1,30,-195.54155166953723
0,1,0,1,40,-168.4581266533762
0,1,0,1,50,-149.01198830229907
0,1,0,1,60,-137.2031366163058
0,1,0,1,70,-133.03157159539643
0,1,0,1,80,-136.49729323957098
0,1,0,1,90,-147.60030154882944
0,1,0,1,100,-166.34059652317168
0,1,1,0,10,-307.8411166535849
0,1,1,0,20,-265.4831183072561
0,1,1,0,30,-230.7624066260112
0,1,1,0,40,-203.67898160985018
0,1,1,0,50,-184.23284325877304
0,1,1,0,60,-172.42399157277978
0,1,1,0,70,-168.25242655187043
0,1,1,0,80,-171.71814819604492
0,1,1,0,90,-182.82115650530338
0,1,1,0,100,-201.56145147964563
0,1,1,1,10,-329.22921214877226
0,1,1,1,20,-286.8712138024435
0,1,1,1,30,-252.1505021211986
0,1,1,1,40,-225.06707710503758
0,1,1,1,50,-205.62093875396044
0,1,1,1,60,-193.81208706796718
0,1,1,1,70,-189.64052204705783
0,1,1,1,80,-193.10624369123235
0,1,1,1,90,-204.2092520004908
0,1,1,1,100,-222.94954697483305
10,0,0,0,10,-122.46521813745562
10,0,0,0,20,-80.10721979112682
10,0,0,0,30,-45.38650810988193
10,0,0,0,40,-18.303083093720915
10,0,0,0,50,1.1430552573562238
10,0,0,0,60,12.951906943349485
10,0,0,0,70,17.12347196425884
10,0,0,0,80,13.657750320084347
10,0,0,0,90,2.5547420108258336
10,0,0,0,100,-16.185552963516415
10,0,0,1,10,-143.85331363264302
10,0,0,1,20,-101.49531528631424
10,0,0,1,30,-66.77460360506933
10,0,0,1,40,-39.691178588908315
10,0,0,1,50,-20.245040237831148
10,0,0,1,60,-8.436188551837944
10,0,0,1,70,-4.264623530928532
10,0,0,1,80,-7.730345175103082
10,0,0,1,90,-18.833353484361538
10,0,0,1,100,-37.573648458703786
10,0,1,0,10,-179.074168589117
10,0,1,0,20,-136.71617024278822
10,0,1,0,30,-101.9954585615433
10,0,1,0,40,-74.91203354538229
10,0,1,0,50,-55.46589519430515
10,0,1,0,60,-43.65704350831189
10,0,1,0,70,-39.48547848740253
10,0,1,0,80,-42.951200131577025
10,0,1,0,90,-54.05420844083548
10,0,1,0,100,-72.79450341517779
10,0,1,1,10,-200.4622640843044
10,0,1,1,20,-158.1042657379756
10,0,1,1,30,-123.3835540567307
10,0,1,1,40,-96.30012904056969
10,0,1,1,50,-76.85399068949255
10,0,1,1,60,-65.04513900349926
10,0,1,1,70,-60.8735739825899
10,0,1,1,80,-64.3392956267644
10,0,1,1,90,-75.44230393602285
10,0,1,1,100,-94.1825989103651
10,1,0,0,10,-206.25902389610357
10,1,0,0,20,-163.90102554977477
10,1,0,0,30,-129.18031386852988
10,1,0,0,40,-102.09688885236886
10,1,0,0,50,-82.65075050129172
10,1,0,0,60,-70.84189881529844
10,1,0,0,70,-66.67033379438908
10,1,0,0,80,-70.13605543856357
10,1,0,0,90,-81.23906374782203
10,1,0,0,100,-99.97935872216428
10,1,0,1,10,-227.64711939129097
10,1,0,1,20,-185.28912104496217
10,1,0,1,30,-150.56840936371725
10,1,0,1,40,-123.48498434755626
10,1,0,1,50,-104.03884599647913
10,1,0,1,60,-92.22999431048586
10,1,0,1,70,-88.05842928957651
10,1,0,1,80,-91.524150933751
10,1,0,1,90,-102.62715924300946
10,1,0,1,100,-121.3674542173517
10,1,1,0,10,-262.8679743477649
10,1,1,0,20,-220.50997600143614
10,1,1,0,30,-185.78926432019125
10,1,1,0,40,-158.7058393040302
10,1,1,0,50,-139.25970095295307
10,1,1,0,60,-127.4508492669598
10,1,1,0,70,-123.27928424605045
10,1,1,0,80,-126.74500589022495
10,1,1,0,90,-137.8480141994834
10,1,1,0,100,-156.58830917382565
10,1,1,1,10,-284.25606984295234
10,1,1,1,20,-241.89807149662352
10,1,1,1,30,-207.17735981537862
10,1,1,1,40,-180.0939347992176
10,1,1,1,50,-160.64779644814047
10,1,1,1,60,-148.8389447621472
10,1,1,1,70,-144.66737974123788
10,1,1,1,80,-148.13310138541232
10,1,1,1,90,-159.23610969467077
10,1,1,1,100,-177.97640466901302
20,0,0,0,10,-85.8579494578299
20,0,0,0,20,-43.499951111501105
20,0,0,0,30,-8.779239430256212
20,0,0,0,40,18.304185585904833
20,0,0,0,50,37.750323936981914
20,0,0,0,60,49.55917562297523
20,0,0,0,70,53.7307406438845
20,0,0,0,80,50.265018999710065
20,0,0,0,90,39.16201069045164
20,0,0,0,100,20.42171571610939
20,0,0,1,10,-107.2460449530173
20,0,0,1,20,-64.8880466066885
20,0,0,1,30,-30.167334925443612
20,0,0,1,40,-3.083909909282596
20,0,0,1,50,16.362228441794542
20,0,0,1,60,28.171080127787803
20,0,0,1,70,32.34264514869716
20,0,0,1,80,28.876923504522665
20,0,0,1,90,17.773915195264266
20,0,0,1,100,-0.9663797790779824
20,0,1,0,10,-142.46689990949127
20,0,1,0,20,-100.10890156316249
20,0,1,0,30,-65.38818988191758
20,0,1,0,40,-38.30476486575657
20,0,1,0,50,-18.8586265146794
20,0,1,0,60,-7.0497748286861395
20,0,1,0,70,-2.878209807776784
20,0,1,0,80,-6.343931451951278
20,0,1,0,90,-17.446939761209734
20,0,1,0,100,-36.18723473555198
20,0,1,1,10,-163.85499540467868
20,0,1,1,20,-121.49699705834988
20,0,1,1,30,-86.77628537710498
20,0,1,1,40,-59.69286036094397
20,0,1,1,50,-40.24672200986683
20,0,1,1,60,-28.437870323873568
20,0,1,1,70,-24.266305302964213
20,0,1,1,80,-27.732026947138706
20,0,1,1,90,-38.83503525639716
20,0,1,1,100,-57.575330230739354
20,1,0,0,10,-169.65175521647785
20,1,0,0,20,-127.29375687014905
20,1,0,0,30,-92.57304518890416
20,1,0,0,40,-65.48962017274314
20,1,0,0,50,-46.043481821666006
20,1,0,0,60,-34.234630135672745
20,1,0,0,70,-30.06306511476339
20,1,0,0,80,-33.52878675893788
20,1,0,0,90,-44.63179506819634
20,1,0,0,100,-63.37209004253859
20,1,0,1,10,-191.03985071166522
20,1,0,1,20,-148.68185236533645
20,1,0,1,30,-113.96114068409153
20,1,0,1,40,-86.87771566793052
20,1,0,1,50,-67.43157731685338
20,1,0,1,60,-55.62272563086012
20,1,0,1,70,-51.45116060995076
20,1,0,1,80,-54.916882254125255
20,1,0,1,90,-66.01989056338371
20,1,0,1,100,-84.76018553772596
20,1,1,0,10,-226.2607056681392
20,1,1,0,20,-183.90270732181042
20,1,1,0,30,-149.1819956405655
20,1,1,0,40,-122.09857062440449
20,1,1,0,50,-102.65243227332735
20,1,1,0,60,-90.84358058733412
20,1,1,0,70,-86.67201556642476
20,1,1,0,80,-90.13773721059925
20,1,1,0,90,-101.24074551985771
20,1,1,0,100,-119.98104049419996
20,1,1,1,10,-247.6488011633266
20,1,1,1,20,-205.2908028169978
20,1,1,1,30,-170.5700911357529
20,1,1,1,40,-143.4866661195919
20,1,1,1,50,-124.04052776851475
20,1,1,1,60,-112.23167608252149
20,1,1,1,70,-108.06011106161213
20,1,1,1,80,-111.52583270578663
20,1,1,1,90,-122.62884101504508
20,1,1,1,100,-141.36913598938733
30,0,0,0,10,-57.616554404398414
30,0,0,0,20,-15.258556058069615
30,0,0,0,30,19.462155623175278
30,0,0,0,40,46.54558063933629
30,0,0,0,50,65.99171899041343
30,0,0,0,60,77.80057067640669
30,0,0,0,70,81.97213569731608
30,0,0,0,80,78.50641405314153
30,0,0,0,90,67.4034057438831
30,0,0,0,100,48.66311076954085
30,0,0,1,10,-79.00464989958579
30,0,0,1,20,-36.64665155325699
30,0,0,1,30,-1.9259398720120942
30,0,0,1,40,25.15748514414892
30,0,0,1,50,44.60362349522606
30,0,0,1,60,56.41247518121932
30,0,0,1,70,60.584040202128705
30,0,0,1,80,57.118318557954154
30,0,0,1,90,46.01531024869573
30,0,0,1,100,27.27501527435348
30,0,1,0,10,-114.22550485605976
30,0,1,0,20,-71.86750650973096
30,0,1,0,30,-37.146794828486065
30,0,1,0,40,-10.063369812325078
30,0,1,0,50,9.38276853875206
30,0,1,0,60,21.19162022474532
30,0,1,0,70,25.363185245654677
30,0,1,0,80,21.897463601480183
30,0,1,0,90,10.794455292221727
30,0,1,0,100,-7.945839682120521
30,0,1,1,10,-135.61360035124716
30,0,1,1,20,-93.25560200491837
30,0,1,1,30,-58.534890323673466
30,0,1,1,40,-31.45146530751245
30,0,1,1,50,-12.005326956435312
30,0,1,1,60,-0.1964752704420505
30,0,1,1,70,3.975089750467305
30,0,1,1,80,0.5093681062928113
30,0,1,1,90,-10.593640202965645
30,0,1,1,100,-29.333935177307893
30,1,0,0,10,-141.41036016304633
30,1,0,0,20,-99.05236181671755
30,1,0,0,30,-64.33165013547264
30,1,0,0,40,-37.24822511931163
30,1,0,0,50,-17.80208676823449
30,1,0,0,60,-5.9932350822412275
30,1,0,0,70,-1.8216700613318721
30,1,0,0,80,-5.287391705506366
30,1,0,0,90,-16.390400014764822
30,1,0,0,100,-35.13069498910701
30,1,0,1,10,-162.79845565823373
30,1,0,1,20,-120.44045731190495
30,1,0,1,30,-85.71974563066004
30,1,0,1,40,-58.63632061449903
30,1,0,1,50,-39.19018226342186
30,1,0,1,60,-27.3813305774286
30,1,0,1,70,-23.209765556519244
30,1,0,1,80,-26.675487200693738
30,1,0,1,90,-37.778495509952194
30,1,0,1,100,-56.5187904842945
30,1,1,0,10,-198.0193106147077
30,1,1,0,20,-155.66131226837894
30,1,1,0,30,-120.94060058713401
30,1,1,0,40,-93.857175570973
30,1,1,0,50,-74.41103721989586
30,1,1,0,60,-62.6021855339026
30,1,1,0,70,-58.430620512993244
30,1,1,0,80,-61.89634215716774
30,1,1,0,90,-72.9993504664262
30,1,1,0,100,-91.73964544076844
30,1,1,1,10,-219.4074061098951
30,1,1,1,20,-177.0494077635663
30,1,1,1,30,-142.32869608232141
30,1,1,1,40,-115.24527106616037
30,1,1,1,50,-95.79913271508323
30,1,1,1,60,-83.99028102908997
30,1,1,1,70,-79.81871600818062
30,1,1,1,80,-83.28443765235511
30,1,1,1,90,-94.38744596161357
30,1,1,1,100,-113.12774093595581
40,0,0,0,10,-37.741032977161154
40,0,0,0,20,4.616965369167644
40,0,0,0,30,39.337677050412566
40,0,0,0,40,66.42110206657352
40,0,0,0,50,85.86724041765072
40,0,0,0,60,97.67609210364392
40,0,0,0,70,101.84765712455331
40,0,0,0,80,98.38193548037876
40,0,0,0,90,87.27892717112033
40,0,0,0,100,68.53863219677808
40,0,0,1,10,-59.129128472348555
40,0,0,1,20,-16.771130126019756
40,0,0,1,30,17.949581555225137
40,0,0,1,40,45.03300657138615
40,0,0,1,50,64.47914492246329
40,0,0,1,60,76.28799660845655
40,0,0,1,70,80.45956162936594
40,0,0,1,80,76.99383998519139
40,0,0,1,90,65.89083167593296
40,0,0,1,100,47.15053670159071
40,0,1,0,10,-94.34998342882253
40,0,1,0,20,-51.99198508249373
40,0,1,0,30,-17.271273401248834
40,0,1,0,40,9.812151614912153
40,0,1,0,50,29.25828996598935
40,0,1,0,60,41.06714165198255
40,0,1,0,70,45.23870667289194
40,0,1,0,80,41.772985028717386
40,0,1,0,90,30.66997671945896
40,0,1,0,100,11.92968174511671
40,0,1,1,10,-115.73807892400993
40,0,1,1,20,-73.38008057768113
40,0,1,1,30,-38.659368896436234
40,0,1,1,40,-11.575943880275219
40,0,1,1,50,7.87019447080192
40,0,1,1,60,19.67904615679518
40,0,1,1,70,23.850611177704536
40,0,1,1,80,20.384889533530043
40,0,1,1,90,9.281881224271586
40,0,1,1,100,-9.458413750070662
40,1,0,0,10,-121.53483873580909
40,1,0,0,20,-79.1768403894803
40,1,0,0,30,-44.45612870823541
40,1,0,0,40,-17.372703692074396
40,1,0,0,50,2.073434659002743
40,1,0,0,60,13.882286344996004
40,1,0,0,70,18.05385136590536
40,1,0,0,80,14.588129721730866
40,1,0,0,90,3.4851214124724663
40,1,0,0,100,-15.255173561869782
40,1,0,1,10,-142.92293423099647
40,1,0,1,20,-100.56493588466769
40,1,0,1,30,-65.84422420342278
40,1,0,1,40,-38.76079918726177
40,1,0,1,50,-19.31466083618463
40,1,0,1,60,-7.505809150191368
40,1,0,1,70,-3.3342441292820126
40,1,0,1,80,-6.799965773456506
40,1,0,1,90,-17.902974082714962
40,1,0,1,100,-36.64326905705727
40,1,1,0,10,-178.14378918747045
40,1,1,0,20,-135.78579084114165
40,1,1,0,30,-101.06507915989675
40,1,1,0,40,-73.98165414373574
40,1,1,0,50,-54.53551579265863
40,1,1,0,60,-42.72666410666537
40,1,1,0,70,-38.55509908575601
40,1,1,0,80,-42.020820729930506
40,1,1,0,90,-53.12382903918896
40,1,1,0,100,-71.86412401353115
40,1,1,1,10,-199.53188468265785
40,1,1,1,20,-157.17388633632908
40,1,1,1,30,-122.45317465508415
40,1,1,1,40,-95.36974963892314
40,1,1,1,50,-75.923611287846
40,1,1,1,60,-64.11475960185274
40,1,1,1,70,-59.943194580943384
40,1,1,1,80,-63.40891622511788
40,1,1,1,90,-74.51192453437633
40,1,1,1,100,-93.25221950871858
50,0,0,0,10,-26.231385176118124
50,0,0,0,20,16.126613170210675
50,0,0,0,30,50.84732485145557
50,0,0,0,40,77.93074986761658
50,0,0,0,50,97.37688821869372
50,0,0,0,60,109.18573990468698
50,0,0,0,70,113.35730492559631
50,0,0,0,80,109.89158328142187
50,0,0,0,90,98.78857497216345
50,0,0,0,100,80.04827999782108
50,0,0,1,10,-47.619480671305524
50,0,0,1,20,-5.2614823249767255
50,0,0,1,30,29.459229356268196
50,0,0,1,40,56.542654372429155
50,0,0,1,50,75.98879272350635
50,0,0,1,60,87.79764440949955
50,0,0,1,70,91.96920943040894
50,0,0,1,80,88.50348778623439
50,0,0,1,90,77.40047947697596
50,0,0,1,100,58.66018450263371
50,0,1,0,10,-82.8403356277795
50,0,1,0,20,-40.4823372814507
50,0,1,0,30,-5.761625600205804
50,0,1,0,40,21.321799415955212
50,0,1,0,50,40.76793776703235
50,0,1,0,60,52.57678945302561
50,0,1,0,70,56.74835447393494
50,0,1,0,80,53.28263282976039
50,0,1,0,90,42.17962452050196
50,0,1,0,100,23.439329546159826
50,0,1,1,10,-104.2284311229669
50,0,1,1,20,-61.8704327766381
50,0,1,1,30,-27.149721095393204
50,0,1,1,40,-0.06629607923215985
50,0,1,1,50,19.37984227184498
50,0,1,1,60,31.18869395783824
50,0,1,1,70,35.360258978747595
50,0,1,1,80,31.8945373345731
50,0,1,1,90,20.79152902531459
50,0,1,1,100,2.05123405097234
