50,1,0,0,10,-60.02215735723413
50,1,0,0,20,-38.110843054475694
50,1,0,0,30,-20.02874321009331
50,1,0,0,40,-5.77585782408697
50,1,0,0,50,4.647813103543271
50,1,0,0,60,11.242269572797483
50,1,0,0,70,14.007511583675651
50,1,0,0,80,12.943539136177762
50,1,0,0,90,8.050352230303858
50,1,0,0,100,-0.6720491339461745
50,1,0,1,10,-70.2307620260332
50,1,0,1,20,-48.31944772327476
50,1,0,1,30,-30.23734787889238
50,1,0,1,40,-15.984462492886038
50,1,0,1,50,-5.560791565255798
50,1,0,1,60,1.0336649039984138
50,1,0,1,70,3.798906914876582
50,1,0,1,80,2.734934467378693
50,1,0,1,90,-2.158252438495211
50,1,0,1,100,-10.880653802745243
50,1,1,0,10,-93.39221475331404
50,1,1,0,20,-71.4809004505556
50,1,1,0,30,-53.398800606173225
50,1,1,0,40,-39.145915220166884
50,1,1,0,50,-28.722244292536644
50,1,1,0,60,-22.127787823282432
50,1,1,0,70,-19.362545812404264
50,1,1,0,80,-20.426518259902153
50,1,1,0,90,-25.319705165776085
50,1,1,0,100,-34.04210653002609
50,1,1,1,10,-103.6008194221131
50,1,1,1,20,-81.68950511935466
50,1,1,1,30,-63.607405274972294
50,1,1,1,40,-49.35451988896595
50,1,1,1,50,-38.9308489613357
50,1,1,1,60,-32.3363924920815
50,1,1,1,70,-29.571150481203333
50,1,1,1,80,-30.63512292870122
50,1,1,1,90,-35.528309834575154
50,1,1,1,100,-44.25071119882516
60,0,0,0,10,-12.207680219224969
60,0,0,0,20,9.703634083533458
60,0,0,0,30,27.785733927915814
60,0,0,0,40,42.03861931392218
60,0,0,0,50,52.462290241552424
60,0,0,0,60,59.05674671080665
60,0,0,0,70,61.821988721684804
60,0,0,0,80,60.75801627418694
60,0,0,0,90,55.86482936831298
60,0,0,0,100,47.14242800406295
60,0,0,1,10,-22.416284888024038
60,0,0,1,20,-0.5049705852656103
60,0,0,1,30,17.577129259116745
60,0,0,1,40,31.830014645123114
60,0,0,1,50,42.253685572753355
60,0,0,1,60,48.84814204200758
60,0,0,1,70,51.613384052885735
60,0,0,1,80,50.54941160538782
60,0,0,1,90,45.65622469951391
60,0,0,1,100,36.93382333526388
60,0,1,0,10,-45.57773761530488
60,0,1,0,20,-23.666423312546456
60,0,1,0,30,-5.5843234681640865
60,0,1,0,40,8.668561917842268
60,0,1,0,50,19.09223284547251
60,0,1,0,60,25.686689314726735
60,0,1,0,70,28.45193132560489
60,0,1,0,80,27.38795887810703
60,0,1,0,90,22.494771972233067
60,0,1,0,100,13.772370607983035
60,0,1,1,10,-55.78634228410396
60,0,1,1,20,-33.875027981345525
60,0,1,1,30,-15.792928136963155
60,0,1,1,40,-1.5400427509568004
60,0,1,1,50,8.88362817667344
60,0,1,1,60,15.478084645927666
60,0,1,1,70,18.24332665680582
60,0,1,1,80,17.17935420930793
60,0,1,1,90,12.286167303433999
60,0,1,1,100,3.5637659391839662
60,1,0,0,10,-58.61939100481718
60,1,0,0,20,-36.70807670205875
60,1,0,0,30,-18.625976857676378
60,1,0,0,40,-4.373091471670037
60,1,0,0,50,6.050579455960232
60,1,0,0,60,12.645035925214444
60,1,0,0,70,15.410277936092612
60,1,0,0,80,14.346305488594723
60,1,0,0,90,9.453118582720762
60,1,0,0,100,0.7307172184707298
60,1,0,1,10,-68.82799567361624
60,1,0,1,20,-46.916681370857816
60,1,0,1,30,-28.834581526475446
60,1,0,1,40,-14.581696140469106
60,1,0,1,50,-4.158025212838837
60,1,0,1,60,2.436431256415375
60,1,0,1,70,5.201673267293543
60,1,0,1,80,4.137700819795654
60,1,0,1,90,-0.7554860860783066
60,1,0,1,100,-9.477887450328339
60,1,1,0,10,-91.98944840089709
60,1,1,0,20,-70.07813409813866
60,1,1,0,30,-51.99603425375629
60,1,1,0,40,-37.74314886774995
60,1,1,0,50,-27.319477940119683
60,1,1,0,60,-20.72502147086547
60,1,1,0,70,-17.959779459987303
60,1,1,0,80,-19.02375190748519
60,1,1,0,90,-23.916938813359124
60,1,1,0,100,-32.639340177609185
60,1,1,1,10,-102.19805306969616
60,1,1,1,20,-80.28673876693773
60,1,1,1,30,-62.20463892255535
60,1,1,1,40,-47.95175353654902
60,1,1,1,50,-37.52808260891875
60,1,1,1,60,-30.93362613966454
60,1,1,1,70,-28.16838412878637
60,1,1,1,80,-29.23235657628426
60,1,1,1,90,-34.12554348215819
60,1,1,1,100,-42.847944846408254
70,0,0,0,10,-15.39912451272103
70,0,0,0,20,6.512189790037397
70,0,0,0,30,24.59428963441978
70,0,0,0,40,38.84717502042609
70,0,0,0,50,49.27084594805636
70,0,0,0,60,55.86530241731056
70,0,0,0,70,58.63054442818871
70,0,0,0,80,57.56657198069085
70,0,0,0,90,52.67338507481695
70,0,0,0,100,43.950983710566916
70,0,0,1,10,-25.6077291815201
70,0,0,1,20,-3.696414878761672
70,0,0,1,30,14.385684965620712
70,0,0,1,40,28.638570351627024
70,0,0,1,50,39.06224127925729
70,0,0,1,60,45.65669774851149
70,0,0,1,70,48.4219397593897
70,0,0,1,80,47.357967311891784
70,0,0,1,90,42.46478040601782
70,0,0,1,100,33.74237904176779
70,0,1,0,10,-48.769181908800945
70,0,1,0,20,-26.857867606042518
70,0,1,0,30,-8.775767761660148
70,0,1,0,40,5.477117624346178
70,0,1,0,50,15.900788551976447
70,0,1,0,60,22.495245021230645
70,0,1,0,70,25.260487032108827
70,0,1,0,80,24.196514584610938
70,0,1,0,90,19.303327678737034
70,0,1,0,100,10.580926314487002
70,0,1,1,10,-58.97778657760002
70,0,1,1,20,-37.06647227484159
70,0,1,1,30,-18.984372430459217
70,0,1,1,40,-4.731487044452891
70,0,1,1,50,5.692183883177378
70,0,1,1,60,12.28664035243159
70,0,1,1,70,15.051882363309758
70,0,1,1,80,13.98790991581187
70,0,1,1,90,9.094723009937908
70,0,1,1,100,0.37232164568787596
70,1,0,0,10,-61.81083529831324
70,1,0,0,20,-39.89952099555481
70,1,0,0,30,-21.81742115117244
70,1,0,0,40,-7.564535765166099
70,1,0,0,50,2.8591351624641703
70,1,0,0,60,9.453591631718382
70,1,0,0,70,12.21883364259655
70,1,0,0,80,11.154861195098661
70,1,0,0,90,6.261674289224729
70,1,0,0,100,-2.4607270750253036
70,1,0,1,10,-72.0194399671123
70,1,0,1,20,-50.10812566435388
70,1,0,1,30,-32.02602581997151
70,1,0,1,40,-17.773140433965168
70,1,0,1,50,-7.3494695063348985
70,1,0,1,60,-0.7550130370806869
70,1,0,1,70,2.0102289737974814
70,1,0,1,80,0.9462565262995923
70,1,0,1,90,-3.94693037957434
70,1,0,1,100,-12.669331743824372
70,1,1,0,10,-95.18089269439315
70,1,1,0,20,-73.26957839163472
70,1,1,0,30,-55.187478547252354
70,1,1,0,40,-40.93459316124601
70,1,1,0,50,-30.510922233615744
70,1,1,0,60,-23.916465764361533
70,1,1,0,70,-21.151223753483364
70,1,1,0,80,-22.215196200981254
70,1,1,0,90,-27.108383106855186
70,1,1,0,100,-35.83078447110522
70,1,1,1,10,-105.38949736319222
70,1,1,1,20,-83.47818306043379
70,1,1,1,30,-65.39608321605141
70,1,1,1,40,-51.14319783004508
70,1,1,1,50,-40.71952690241481
70,1,1,1,60,-34.1250704331606
70,1,1,1,70,-31.359828422282433
70,1,1,1,80,-32.42380086978032
70,1,1,1,90,-37.316987775654255
70,1,1,1,100,-46.03938913990429
80,0,0,0,10,-23.184779452130087
80,0,0,0,20,-1.2734651493716598
80,0,0,0,30,16.808634695010696
80,0,0,0,40,31.061520081017065
80,0,0,0,50,41.485191008647305
80,0,0,0,60,48.07964747790153
80,0,0,0,70,50.844889488779685
80,0,0,0,80,49.78091704128177
80,0,0,0,90,44.887730135407864
80,0,0,0,100,36.16532877115783
80,0,0,1,10,-33.393384120929156
80,0,0,1,20,-11.482069818170729
80,0,0,1,30,6.600030026211627
80,0,0,1,40,20.852915412217996
80,0,0,1,50,31.276586339848237
80,0,0,1,60,37.87104280910246
80,0,0,1,70,40.63628481998062
80,0,0,1,80,39.572312372482756
80,0,0,1,90,34.679125466608795
80,0,0,1,100,25.956724102358763
80,0,1,0,10,-56.55483684821001
80,0,1,0,20,-34.643522545451575
80,0,1,0,30,-16.561422701069205
80,0,1,0,40,-2.30853731506285
80,0,1,0,50,8.11513361256739
80,0,1,0,60,14.709590081821617
80,0,1,0,70,17.47483209269977
80,0,1,0,80,16.41085964520188
80,0,1,0,90,11.51767273932795
80,0,1,0,100,2.795271375077917
80,0,1,1,10,-66.76344151700908
80,0,1,1,20,-44.85212721425064
80,0,1,1,30,-26.770027369868274
80,0,1,1,40,-12.517141983861919
80,0,1,1,50,-2.093471056231678
80,0,1,1,60,4.5009854130225335
80,0,1,1,70,7.266227423900702
80,0,1,1,80,6.202254976402813
80,0,1,1,90,1.3090680705288804
80,0,1,1,100,-7.413333293721152
80,1,0,0,10,-69.59649023772229
80,1,0,0,20,-47.685175934963866
80,1,0,0,30,-29.603076090581496
80,1,0,0,40,-15.350190704575155
80,1,0,0,50,-4.926519776944886
80,1,0,0,60,1.6679366923093255
80,1,0,0,70,4.433178703187494
80,1,0,0,80,3.3692062556896047
80,1,0,0,90,-1.523980650184356
80,1,0,0,100,-10.246382014434388
80,1,0,1,10,-79.80509490652136
80,1,0,1,20,-57.89378060376293
80,1,0,1,30,-39.81168075938055
80,1,0,1,40,-25.558795373374224
80,1,0,1,50,-15.135124445743955
80,1,0,1,60,-8.540667976489743
80,1,0,1,70,-5.775425965611575
80,1,0,1,80,-6.839398413109464
80,1,0,1,90,-11.732585318983425
80,1,0,1,100,-20.454986683233457
80,1,1,0,10,-102.96654763380221
80,1,1,0,20,-81.05523333104378
80,1,1,0,30,-62.97313348666141
80,1,1,0,40,-48.72024810065507
80,1,1,0,50,-38.2965771730248
80,1,1,0,60,-31.70212070377059
80,1,1,0,70,-28.93687869289242
80,1,1,0,80,-30.00085114039031
80,1,1,0,90,-34.89403804626424
80,1,1,0,100,-43.6164394105143
80,1,1,1,10,-113.17515230260128
80,1,1,1,20,-91.26383799984285
80,1,1,1,30,-73.18173815546047
80,1,1,1,40,-58.928852769454146
80,1,1,1,50,-48.50518184182387
80,1,1,1,60,-41.91072537256966
80,1,1,1,70,-39.14548336169149
80,1,1,1,80,-40.20945580918938
80,1,1,1,90,-45.10264271506331
80,1,1,1,100,-53.825044079313344
90,0,0,0,10,-35.56464503745211
90,0,0,0,20,-13.653330734693682
90,0,0,0,30,4.428769109688673
90,0,0,0,40,18.681654495695042
90,0,0,0,50,29.105325423325283
90,0,0,0,60,35.69978189257951
90,0,0,0,70,38.46502390345766
90,0,0,0,80,37.401051455959745
90,0,0,0,90,32.50786455008584
90,0,0,0,100,23.78546318583581
90,0,0,1,10,-45.77324970625118
90,0,0,1,20,-23.86193540349275
90,0,0,1,30,-5.779835559110381
90,0,0,1,40,8.473049826895974
90,0,0,1,50,18.896720754526214
90,0,0,1,60,25.49117722378044
90,0,0,1,70,28.256419234658594
90,0,0,1,80,27.192446787160733
90,0,0,1,90,22.299259881286773
90,0,0,1,100,13.57685851703674
90,0,1,0,10,-68.93470243353204
90,0,1,0,20,-47.0233881307736
90,0,1,0,30,-28.941288286391227
90,0,1,0,40,-14.688402900384872
90,0,1,0,50,-4.264731972754632
90,0,1,0,60,2.32972449649958
90,0,1,0,70,5.094966507377748
90,0,1,0,80,4.030994059879859
90,0,1,0,90,-0.8621928459940733
90,0,1,0,100,-9.584594210244106
90,0,1,1,10,-79.14330710233111
90,0,1,1,20,-57.23199279957266
90,0,1,1,30,-39.149892955190296
90,0,1,1,40,-24.89700756918397
90,0,1,1,50,-14.4733366415537
90,0,1,1,60,-7.878880172299489
90,0,1,1,70,-5.113638161421321
90,0,1,1,80,-6.17761060891921
90,0,1,1,90,-11.070797514793142
90,0,1,1,100,-19.793198879043175
90,1,0,0,10,-81.97635582304432
90,1,0,0,20,-60.06504152028588
90,1,0,0,30,-41.98294167590352
90,1,0,0,40,-27.730056289897178
90,1,0,0,50,-17.30638536226691
90,1,0,0,60,-10.711928893012697
90,1,0,0,70,-7.946686882134529
90,1,0,0,80,-9.010659329632418
90,1,0,0,90,-13.903846235506379
90,1,0,0,100,-22.62624759975641
90,1,0,1,10,-92.18496049184338
90,1,0,1,20,-70.27364618908496
90,1,0,1,30,-52.19154634470257
90,1,0,1,40,-37.938660958696246
90,1,0,1,50,-27.514990031065977
90,1,0,1,60,-20.920533561811766
90,1,0,1,70,-18.155291550933597
90,1,0,1,80,-19.219263998431487
90,1,0,1,90,-24.11245090430542
90,1,0,1,100,-32.83485226855548
90,1,1,0,10,-115.34641321912423
90,1,1,0,20,-93.4350989163658
90,1,1,0,30,-75.35299907198342
90,1,1,0,40,-61.1001136859771
90,1,1,0,50,-50.67644275834682
90,1,1,0,60,-44.08198628909261
90,1,1,0,70,-41.31674427821444
90,1,1,0,80,-42.38071672571233
90,1,1,0,90,-47.273903631586265
90,1,1,0,100,-55.9963049958363
90,1,1,1,10,-125.5550178879233
90,1,1,1,20,-103.64370358516487
90,1,1,1,30,-85.56160374078249
90,1,1,1,40,-71.30871835477618
90,1,1,1,50,-60.88504742714589
90,1,1,1,60,-54.29059095789168
90,1,1,1,70,-51.52534894701351
90,1,1,1,80,-52.5893213945114
90,1,1,1,90,-57.482508300385334
90,1,1,1,100,-66.20490966463537
100,0,0,0,10,-52.538721268687134
100,0,0,0,20,-30.6274069659287
100,0,0,0,30,-12.54530712154633
100,0,0,0,40,1.7075782644600253
100,0,0,0,50,12.131249192090266
100,0,0,0,60,18.72570566134449
100,0,0,0,70,21.490947672222646
100,0,0,0,80,20.42697522472473
100,0,0,0,90,15.533788318850824
100,0,0,0,100,6.811386954600792
100,0,0,1,10,-62.7473259374862
100,0,0,1,20,-40.83601163472777
100,0,0,1,30,-22.7539117903454
100,0,0,1,40,-8.501026404339044
100,0,0,1,50,1.922644523291197
100,0,0,1,60,8.517100992545409
100,0,0,1,70,11.282343003423577
100,0,0,1,80,10.218370555925688
100,0,0,1,90,5.3251836500517555
100,0,0,1,100,-3.397217714198277
100,0,1,0,10,-85.90877866476706
100,0,1,0,20,-63.997464362008614
100,0,1,0,30,-45.915364517626244
100,0,1,0,40,-31.662479131619918
100,0,1,0,50,-21.23880820398965
100,0,1,0,60,-14.644351734735437
100,0,1,0,70,-11.879109723857269
100,0,1,0,80,-12.943082171355158
100,0,1,0,90,-17.83626907722909
100,0,1,0,100,-26.558670441479123
100,0,1,1,10,-96.11738333356612
100,0,1,1,20,-74.20606903080768
100,0,1,1,30,-56.12396918642531
100,0,1,1,40,-41.87108380041899
100,0,1,1,50,-31.447412872788718
100,0,1,1,60,-24.852956403534506
100,0,1,1,70,-22.087714392656338
100,0,1,1,80,-23.151686840154227
100,0,1,1,90,-28.04487374602816
100,0,1,1,100,-36.76727511027819
100,1,0,0,10,-98.95043205427933
100,1,0,0,20,-77.0391177515209
100,1,0,0,30,-58.957017907138535
100,1,0,0,40,-44.704132521132195
100,1,0,0,50,-34.280461593501926
100,1,0,0,60,-27.686005124247714
100,1,0,0,70,-24.920763113369546
100,1,0,0,80,-25.984735560867435
100,1,0,0,90,-30.877922466741367
100,1,0,0,100,-39.60032383099143
100,1,0,1,10,-109.1590367230784
100,1,0,1,20,-87.24772242031997
100,1,0,1,30,-69.16562257593759
100,1,0,1,40,-54.91273718993127
100,1,0,1,50,-44.489066262300994
100,1,0,1,60,-37.89460979304678
100,1,0,1,70,-35.129367782168615
100,1,0,1,80,-36.193340229666504
100,1,0,1,90,-41.086527135540436
100,1,0,1,100,-49.8089284997905
100,1,1,0,10,-132.32048945035925
100,1,1,0,20,-110.40917514760082
100,1,1,0,30,-92.32707530321844
100,1,1,0,40,-78.07418991721212
100,1,1,0,50,-67.65051898958184
100,1,1,0,60,-61.05606252032763
100,1,1,0,70,-58.29082050944946
100,1,1,0,80,-59.35479295694735
100,1,1,0,90,-64.24797986282128
100,1,1,0,100,-72.97038122707131
100,1,1,1,10,-142.52909411915832
100,1,1,1,20,-120.61777981639989
100,1,1,1,30,-102.5356799720175
100,1,1,1,40,-88.28279458601118
100,1,1,1,50,-77.85912365838091
100,1,1,1,60,-71.2646671891267
100,1,1,1,70,-68.49942517824853
100,1,1,1,80,-69.56339762574642
100,1,1,1,90,-74.45658453162035
100,1,1,1,100,-83.17898589587038
