50,1,0,0,10,-7.6910518660806835
50,1,0,0,20,-4.6720373392078205
50,1,0,0,30,-2.1561683339909212
50,1,0,0,40,-0.14344485042998478
50,1,0,0,50,1.3661331114749853
50,1,0,0,60,2.372565551723989
50,1,0,0,70,2.8758524703170334
50,1,0,0,80,2.875993867254108
50,1,0,0,90,2.372989742535216
50,1,0,0,100,1.3668400961603684
50,1,0,1,10,-9.32140037662066
50,1,0,1,20,-6.302385849747797
50,1,0,1,30,-3.786516844530899
50,1,0,1,40,-1.7737933609699628
50,1,0,1,50,-0.2642153990649927
50,1,0,1,60,0.742217041184011
50,1,0,1,70,1.2455039597770519
50,1,0,1,80,1.2456453567141264
50,1,0,1,90,0.7426412319952416
50,1,0,1,100,-0.26350841437960604
50,1,1,0,10,-11.907374692396072
50,1,1,0,20,-8.888360165523206
50,1,1,0,30,-6.372491160306309
50,1,1,0,40,-4.359767676745372
50,1,1,0,50,-2.8501897148404023
50,1,1,0,60,-1.8437572745913986
50,1,1,0,70,-1.340470355998356
50,1,1,0,80,-1.3403289590612797
50,1,1,0,90,-1.8433330837801751
50,1,1,0,100,-2.8494827301550227
50,1,1,1,10,-13.537723202936048
50,1,1,1,20,-10.518708676063184
50,1,1,1,30,-8.002839670846285
50,1,1,1,40,-5.99011618728535
50,1,1,1,50,-4.48053822538038
50,1,1,1,60,-3.4741057851313766
50,1,1,1,70,-2.970818866538334
50,1,1,1,80,-2.9706774696012577
50,1,1,1,90,-3.4736815943201496
50,1,1,1,100,-4.479831240694997
60,0,0,0,10,-1.8343335575001465
60,0,0,0,20,1.1846809693727156
60,0,0,0,30,3.700549974589615
60,0,0,0,40,5.713273458150551
60,0,0,0,50,7.222851420055521
60,0,0,0,60,8.229283860304529
60,0,0,0,70,8.732570778897566
60,0,0,0,80,8.73271217583464
60,0,0,0,90,8.229708051115756
60,0,0,0,100,7.223558404740908
60,0,0,1,10,-3.4646820680401245
60,0,0,1,20,-0.4456675411672588
60,0,0,1,30,2.070201464049637
60,0,0,1,40,4.082924947610573
60,0,0,1,50,5.592502909515543
60,0,0,1,60,6.598935349764547
60,0,0,1,70,7.1022222683575915
60,0,0,1,80,7.102363665294666
60,0,0,1,90,6.599359540575774
60,0,0,1,100,5.5932098942009265
60,0,1,0,10,-6.050656383815534
60,0,1,0,20,-3.03164185694267
60,0,1,0,30,-0.5157728517257727
60,0,1,0,40,1.4969506318351637
60,0,1,0,50,3.006528593740134
60,0,1,0,60,4.0129610339891375
60,0,1,0,70,4.516247952582182
60,0,1,0,80,4.516389349519256
60,0,1,0,90,4.0133852248003645
60,0,1,0,100,3.007235578425517
60,0,1,1,10,-7.681004894355511
60,0,1,1,20,-4.661990367482646
60,0,1,1,30,-2.1461213622657507
60,0,1,1,40,-0.13339787870481423
60,0,1,1,50,1.3761800832001558
60,0,1,1,60,2.3826125234491595
60,0,1,1,70,2.8858994420422004
60,0,1,1,80,2.886040838979282
60,0,1,1,90,2.38303671426039
60,0,1,1,100,1.3768870678855425
60,1,0,0,10,-7.477893913041387
60,1,0,0,20,-4.458879386168524
60,1,0,0,30,-1.943010380951625
60,1,0,0,40,0.0697131026093114
60,1,0,0,50,1.5792910645142815
60,1,0,0,60,2.585723504763285
60,1,0,0,70,3.089010423356326
60,1,0,0,80,3.0891518202934005
60,1,0,0,90,2.5861476955745086
60,1,0,0,100,1.579998049199661
60,1,0,1,10,-9.108242423581364
60,1,0,1,20,-6.0892278967085005
60,1,0,1,30,-3.573358891491603
60,1,0,1,40,-1.5606354079306666
60,1,0,1,50,-0.05105744602569651
60,1,0,1,60,0.9553749942233072
60,1,0,1,70,1.4586619128163516
60,1,0,1,80,1.458803309753426
60,1,0,1,90,0.9557991850345342
60,1,0,1,100,-0.0503504613403134
60,1,1,0,10,-11.694216739356776
60,1,1,0,20,-8.67520221248391
60,1,1,0,30,-6.159333207267013
60,1,1,0,40,-4.146609723706076
60,1,1,0,50,-2.637031761801106
60,1,1,0,60,-1.6305993215521024
60,1,1,0,70,-1.1273124029590598
60,1,1,0,80,-1.1271710060219835
60,1,1,0,90,-1.6301751307408754
60,1,1,0,100,-2.636324777115723
60,1,1,1,10,-13.324565249896752
60,1,1,1,20,-10.305550723023888
60,1,1,1,30,-7.78968171780699
60,1,1,1,40,-5.776958234246054
60,1,1,1,50,-4.267380272341084
60,1,1,1,60,-3.2609478320920804
60,1,1,1,70,-2.7576609134990377
60,1,1,1,80,-2.7575195165619615
60,1,1,1,90,-3.260523641280857
60,1,1,1,100,-4.2666732876557045
70,0,0,0,10,-2.172271960704167
70,0,0,0,20,0.8467425661686985
70,0,0,0,30,3.3626115713855977
70,0,0,0,40,5.375335054946531
70,0,0,0,50,6.884913016851504
70,0,0,0,60,7.891345457100508
70,0,0,0,70,8.394632375693545
70,0,0,0,80,8.394773772630627
70,0,0,0,90,7.891769647911735
70,0,0,0,100,6.885620001536887
70,0,0,1,10,-3.8026204712441416
70,0,0,1,20,-0.7836059443712795
70,0,0,1,30,1.7322630608456198
70,0,0,1,40,3.744986544406556
70,0,0,1,50,5.254564506311526
70,0,0,1,60,6.26099694656053
70,0,0,1,70,6.764283865153571
70,0,0,1,80,6.764425262090645
70,0,0,1,90,6.261421137371753
70,0,0,1,100,5.255271490996906
70,0,1,0,10,-6.388594787019555
70,0,1,0,20,-3.369580260146689
70,0,1,0,30,-0.8537112549297934
70,0,1,0,40,1.1590122286311466
70,0,1,0,50,2.668590190536113
70,0,1,0,60,3.675022630785117
70,0,1,0,70,4.178309549378161
70,0,1,0,80,4.178450946315236
70,0,1,0,90,3.675446821596344
70,0,1,0,100,2.6692971752214962
70,0,1,1,10,-8.018943297559531
70,0,1,1,20,-4.999928770686667
70,0,1,1,30,-2.484059765469768
70,0,1,1,40,-0.47133628190883137
70,0,1,1,50,1.0382416799961387
70,0,1,1,60,2.0446741202451424
70,0,1,1,70,2.547961038838187
70,0,1,1,80,2.5481024357752613
70,0,1,1,90,2.0450983110563694
70,0,1,1,100,1.0389486646815218
70,1,0,0,10,-7.815832316245406
70,1,0,0,20,-4.796817789372541
70,1,0,0,30,-2.2809487841556457
70,1,0,0,40,-0.2682253005947093
70,1,0,0,50,1.2413526613102608
70,1,0,0,60,2.2477851015592645
70,1,0,0,70,2.7510720201523053
70,1,0,0,80,2.751213417089387
70,1,0,0,90,2.248209292370495
70,1,0,0,100,1.2420596459956474
70,1,0,1,10,-9.446180826785383
70,1,0,1,20,-6.427166299912519
70,1,0,1,30,-3.91129729469562
70,1,0,1,40,-1.8985738111346873
70,1,0,1,50,-0.3889958492297172
70,1,0,1,60,0.6174365910192865
70,1,0,1,70,1.120723509612331
70,1,0,1,80,1.1208649065494054
70,1,0,1,90,0.6178607818305135
70,1,0,1,100,-0.3882888645443341
70,1,1,0,10,-12.032155142560793
70,1,1,0,20,-9.01314061568793
70,1,1,0,30,-6.497271610471033
70,1,1,0,40,-4.484548126910097
70,1,1,0,50,-2.974970165005127
70,1,1,0,60,-1.968537724756123
70,1,1,0,70,-1.4652508061630805
70,1,1,0,80,-1.4651094092260042
70,1,1,0,90,-1.968113533944896
70,1,1,0,100,-2.9742631803197437
70,1,1,1,10,-13.66250365310077
70,1,1,1,20,-10.643489126227907
70,1,1,1,30,-8.12762012101101
70,1,1,1,40,-6.114896637450073
70,1,1,1,50,-4.605318675545101
70,1,1,1,60,-3.5988862352960975
70,1,1,1,70,-3.0955993167030584
70,1,1,1,80,-3.0954579197659786
70,1,1,1,90,-3.5984620444848705
70,1,1,1,100,-4.604611690859718
80,0,0,0,10,-3.061306720151501
80,0,0,0,20,-0.04229219327863731
80,0,0,0,30,2.47357681193826
80,0,0,0,40,4.486300295499197
80,0,0,0,50,5.995878257404167
80,0,0,0,60,7.00231069765317
80,0,0,0,70,7.505597616246211
80,0,0,0,80,7.505739013183293
80,0,0,0,90,7.002734888464394
80,0,0,0,100,5.996585242089546
80,0,0,1,10,-4.691655230691479
80,0,0,1,20,-1.6726407038186135
80,0,0,1,30,0.8432283013982822
80,0,0,1,40,2.8559517849592186
80,0,0,1,50,4.365529746864189
80,0,0,1,60,5.371962187113192
80,0,0,1,70,5.875249105706237
80,0,0,1,80,5.875390502643311
80,0,0,1,90,5.372386377924419
80,0,0,1,100,4.366236731549572
80,0,1,0,10,-7.277629546466889
80,0,1,0,20,-4.258615019594025
80,0,1,0,30,-1.7427460143771274
80,0,1,0,40,0.26997746918380905
80,0,1,0,50,1.7795554310887791
80,0,1,0,60,2.785987871337783
80,0,1,0,70,3.2892747899308272
80,0,1,0,80,3.2894161868679017
80,0,1,0,90,2.78641206214901
80,0,1,0,100,1.7802624157741622
80,0,1,1,10,-8.907978057006865
80,0,1,1,20,-5.888963530134001
80,0,1,1,30,-3.3730945249171054
80,0,1,1,40,-1.360371041356169
80,0,1,1,50,0.14920692054880114
80,0,1,1,60,1.1556393607978048
80,0,1,1,70,1.6589262793908457
80,0,1,1,80,1.6590676763279273
80,0,1,1,90,1.1560635516090354
80,0,1,1,100,0.1499139052341878
80,1,0,0,10,-8.704867075692743
80,1,0,0,20,-5.685852548819879
80,1,0,0,30,-3.1699835436029797
80,1,0,0,40,-1.1572600600420433
80,1,0,0,50,0.3523179018629268
80,1,0,0,60,1.3587503421119305
80,1,0,0,70,1.8620372607049713
80,1,0,0,80,1.8621786576420458
80,1,0,0,90,1.359174532923154
80,1,0,0,100,0.3530248865483063
80,1,0,1,10,-10.335215586232719
80,1,0,1,20,-7.316201059359855
80,1,0,1,30,-4.800332054142958
80,1,0,1,40,-2.7876085705820213
80,1,0,1,50,-1.2780306086770512
80,1,0,1,60,-0.2715981684280475
80,1,0,1,70,0.23168875016499513
80,1,0,1,80,0.2318301471020714
80,1,0,1,90,-0.2711739776168205
80,1,0,1,100,-1.277323623991668
80,1,1,0,10,-12.92118990200813
80,1,1,0,20,-9.902175375135265
80,1,1,0,30,-7.386306369918366
80,1,1,0,40,-5.373582886357431
80,1,1,0,50,-3.864004924452461
80,1,1,0,60,-2.857572484203457
80,1,1,0,70,-2.3542855656104145
80,1,1,0,80,-2.354144168673338
80,1,1,0,90,-2.85714829339223
80,1,1,0,100,-3.8632979397670777
80,1,1,1,10,-14.551538412548107
80,1,1,1,20,-11.532523885675243
80,1,1,1,30,-9.016654880458344
80,1,1,1,40,-7.003931396897409
80,1,1,1,50,-5.494353434992439
80,1,1,1,60,-4.487920994743435
80,1,1,1,70,-3.9846340761503924
80,1,1,1,80,-3.984492679213316
80,1,1,1,90,-4.487496803932208
80,1,1,1,100,-5.493646450307059
90,0,0,0,10,-4.501437835842159
90,0,0,0,20,-1.4824233089692953
90,0,0,0,30,1.0334456962476022
90,0,0,0,40,3.0461691798085386
90,0,0,0,50,4.555747141713509
90,0,0,0,60,5.562179581962512
90,0,0,0,70,6.06546650055555
90,0,0,0,80,6.065607897492631
90,0,0,0,90,5.562603772773739
90,0,0,0,100,4.556454126398892
90,0,0,1,10,-6.131786346382137
90,0,0,1,20,-3.1127718195092715
90,0,0,1,30,-0.5969028142923758
90,0,0,1,40,1.4158206692685606
90,0,0,1,50,2.9253986311735307
90,0,0,1,60,3.9318310714225344
90,0,0,1,70,4.435117990015575
90,0,0,1,80,4.435259386952657
90,0,0,1,90,3.932255262233765
90,0,0,1,100,2.9261056158589174
90,0,1,0,10,-8.717760662157547
90,0,1,0,20,-5.698746135284683
90,0,1,0,30,-3.1828771300677854
90,0,1,0,40,-1.170153646506849
90,0,1,0,50,0.3394243153981211
90,0,1,0,60,1.3458567556471248
90,0,1,0,70,1.8491436742401657
90,0,1,0,80,1.8492850711772402
90,0,1,0,90,1.3462809464583554
90,0,1,0,100,0.3401313000835078
90,0,1,1,10,-10.348109172697523
90,0,1,1,20,-7.329094645824661
90,0,1,1,30,-4.813225640607763
90,0,1,1,40,-2.800502157046827
90,0,1,1,50,-1.2909241951418569
90,0,1,1,60,-0.28449175489285317
90,0,1,1,70,0.21879516370018948
90,0,1,1,80,0.21893656063726574
90,0,1,1,90,-0.28406756408162614
90,0,1,1,100,-1.2902172104564738
90,1,0,0,10,-10.1449981913834
90,1,0,0,20,-7.125983664510537
90,1,0,0,30,-4.610114659293638
90,1,0,0,40,-2.5973911757327013
90,1,0,0,50,-1.0878132138277312
90,1,0,0,60,-0.08138077357872753
90,1,0,0,70,0.4219061450143151
90,1,0,0,80,0.4220475419513914
90,1,0,0,90,-0.0809565827675005
90,1,0,0,100,-1.0871062291423481
90,1,0,1,10,-11.775346701923377
90,1,0,1,20,-8.756332175050513
90,1,0,1,30,-6.240463169833616
90,1,0,1,40,-4.227739686272679
90,1,0,1,50,-2.718161724367709
90,1,0,1,60,-1.7117292841187055
90,1,0,1,70,-1.2084423655256629
90,1,0,1,80,-1.2083009685885866
90,1,0,1,90,-1.711305093307482
90,1,0,1,100,-2.7174547396823296
90,1,1,0,10,-14.361321017698788
90,1,1,0,20,-11.342306490825923
90,1,1,0,30,-8.826437485609024
90,1,1,0,40,-6.813714002048089
90,1,1,0,50,-5.304136040143119
90,1,1,0,60,-4.297703599894115
90,1,1,0,70,-3.7944166813010725
90,1,1,0,80,-3.794275284363996
90,1,1,0,90,-4.297279409082888
90,1,1,0,100,-5.303429055457739
90,1,1,1,10,-15.991669528238765
90,1,1,1,20,-12.9726550013659
90,1,1,1,30,-10.456785996149002
90,1,1,1,40,-8.444062512588067
90,1,1,1,50,-6.934484550683096
90,1,1,1,60,-5.928052110434093
90,1,1,1,70,-5.42476519184105
90,1,1,1,80,-5.424623794903974
90,1,1,1,90,-5.927627919622866
90,1,1,1,100,-6.933777565997714
100,0,0,0,10,-6.492665307776127
100,0,0,0,20,-3.473650780903263
100,0,0,0,30,-0.9577817756863656
100,0,0,0,40,1.0549417078745709
100,0,0,0,50,2.564519669779541
100,0,0,0,60,3.5709521100285446
100,0,0,0,70,4.074239028621589
100,0,0,0,80,4.0743804255586635
100,0,0,0,90,3.5713763008397716
100,0,0,0,100,2.565226654464924
100,0,0,1,10,-8.123013818316103
100,0,0,1,20,-5.103999291443239
100,0,0,1,30,-2.5881302862263436
100,0,0,1,40,-0.5754068026654071
100,0,0,1,50,0.934171159239563
100,0,0,1,60,1.9406035994885666
100,0,0,1,70,2.4438905180816075
100,0,0,1,80,2.444031915018689
100,0,0,1,90,1.9410277902997972
100,0,0,1,100,0.9348781439249496
100,0,1,0,10,-10.708988134091515
100,0,1,0,20,-7.689973607218651
100,0,1,0,30,-5.174104602001753
100,0,1,0,40,-3.1613811184408167
100,0,1,0,50,-1.6518031565358466
100,0,1,0,60,-0.645370716286843
100,0,1,0,70,-0.1420837976938003
100,0,1,0,80,-0.14194240075672404
100,0,1,0,90,-0.6449465254756124
100,0,1,0,100,-1.65109617185046
100,0,1,1,10,-12.33933664463149
100,0,1,1,20,-9.320322117758629
100,0,1,1,30,-6.804453112541731
100,0,1,1,40,-4.791729628980795
100,0,1,1,50,-3.2821516670758246
100,0,1,1,60,-2.275719226826821
100,0,1,1,70,-1.7724323082337783
100,0,1,1,80,-1.772290911296702
100,0,1,1,90,-2.275295036015594
100,0,1,1,100,-3.2814446823904415
100,1,0,0,10,-12.136225663317369
100,1,0,0,20,-9.117211136444503
100,1,0,0,30,-6.6013421312276055
100,1,0,0,40,-4.588618647666669
100,1,0,0,50,-3.079040685761699
100,1,0,0,60,-2.0726082455126953
100,1,0,0,70,-1.5693213269196526
100,1,0,0,80,-1.5691799299825764
100,1,0,0,90,-2.0721840547014683
100,1,0,0,100,-3.078333701076316
100,1,0,1,10,-13.766574173857345
100,1,0,1,20,-10.747559646984481
100,1,0,1,30,-8.231690641767582
100,1,0,1,40,-6.218967158206647
100,1,0,1,50,-4.709389196301677
100,1,0,1,60,-3.7029567560526733
100,1,0,1,70,-3.1996698374596306
100,1,0,1,80,-3.1995284405225544
100,1,0,1,90,-3.7025325652414462
100,1,0,1,100,-4.708682211616297
100,1,1,0,10,-16.352548489632756
100,1,1,0,20,-13.33353396275989
100,1,1,0,30,-10.817664957542993
100,1,1,0,40,-8.804941473982057
100,1,1,0,50,-7.295363512077086
100,1,1,0,60,-6.288931071828083
100,1,1,0,70,-5.78564415323504
100,1,1,0,80,-5.785502756297964
100,1,1,0,90,-6.288506881016856
100,1,1,0,100,-7.294656527391707
100,1,1,1,10,-17.982897000172734
100,1,1,1,20,-14.963882473299869
100,1,1,1,30,-12.44801346808297
100,1,1,1,40,-10.435289984522035
100,1,1,1,50,-8.925712022617063
100,1,1,1,60,-7.919279582368061
100,1,1,1,70,-7.415992663775018
100,1,1,1,80,-7.415851266837942
100,1,1,1,90,-7.918855391556834
100,1,1,1,100,-8.925005037931681
