0,0,0,0,10,-11.379726619385705
0,0,0,0,20,-8.360712092512841
0,0,0,0,30,-5.844843087295944
0,0,0,0,40,-3.8321196037350074
0,0,0,0,50,-2.3225416418300373
0,0,0,0,60,-1.3161092015810336
0,0,0,0,70,-0.812822282987991
0,0,0,0,80,-0.8126808860509147
0,0,0,0,90,-1.3156850107698066
0,0,0,0,100,-2.321834657144654
0,0,0,1,10,-13.010075129925681
0,0,0,1,20,-9.99106060305282
0,0,0,1,30,-7.475191597835921
0,0,0,1,40,-5.462468114274985
0,0,0,1,50,-3.9528901523700153
0,0,0,1,60,-2.9464577121210116
0,0,0,1,70,-2.443170793527969
0,0,0,1,80,-2.4430293965908927
0,0,0,1,90,-2.946033521309781
0,0,0,1,100,-3.9521831676846286
0,0,1,0,10,-15.596049445701093
0,0,1,0,20,-12.577034918828229
0,0,1,0,30,-10.06116591361133
0,0,1,0,40,-8.048442430050395
0,0,1,0,50,-6.538864468145425
0,0,1,0,60,-5.532432027896421
0,0,1,0,70,-5.0291451093033785
0,0,1,0,80,-5.029003712366302
0,0,1,0,90,-5.532007837085194
0,0,1,0,100,-6.538157483460045
0,0,1,1,10,-17.22639795624107
0,0,1,1,20,-14.207383429368207
0,0,1,1,30,-11.691514424151308
0,0,1,1,40,-9.678790940590373
0,0,1,1,50,-8.169212978685401
0,0,1,1,60,-7.162780538436399
0,0,1,1,70,-6.6594936198433565
0,0,1,1,80,-6.65935222290628
0,0,1,1,90,-7.162356347625172
0,0,1,1,100,-8.16850599400002
0,1,0,0,10,-17.023286974926947
0,1,0,0,20,-14.004272448054081
0,1,0,0,30,-11.488403442837184
0,1,0,0,40,-9.475679959276247
0,1,0,0,50,-7.966101997371276
0,1,0,0,60,-6.9596695571222735
0,1,0,0,70,-6.456382638529231
0,1,0,0,80,-6.456241241592155
0,1,0,0,90,-6.9592453663110465
0,1,0,0,100,-7.965395012685894
0,1,0,1,10,-18.65363548546692
0,1,0,1,20,-15.63462095859406
0,1,0,1,30,-13.11875195337716
0,1,0,1,40,-11.106028469816225
0,1,0,1,50,-9.596450507911253
0,1,0,1,60,-8.590018067662252
0,1,0,1,70,-8.086731149069209
0,1,0,1,80,-8.086589752132133
0,1,0,1,90,-8.589593876851024
0,1,0,1,100,-9.595743523225872
0,1,1,0,10,-21.23960980124233
0,1,1,0,20,-18.22059527436947
0,1,1,0,30,-15.70472626915257
0,1,1,0,40,-13.692002785591635
0,1,1,0,50,-12.182424823686663
0,1,1,0,60,-11.175992383437661
0,1,1,0,70,-10.672705464844618
0,1,1,0,80,-10.672564067907542
0,1,1,0,90,-11.175568192626434
0,1,1,0,100,-12.181717839001282
0,1,1,1,10,-22.869958311782312
0,1,1,1,20,-19.850943784909447
0,1,1,1,30,-17.335074779692548
0,1,1,1,40,-15.322351296131613
0,1,1,1,50,-13.812773334226641
0,1,1,1,60,-12.806340893977639
0,1,1,1,70,-12.303053975384596
0,1,1,1,80,-12.30291257844752
0,1,1,1,90,-12.805916703166412
0,1,1,1,100,-13.81206634954126
10,0,0,0,10,-8.411086885129816
10,0,0,0,20,-5.392072358256954
10,0,0,0,30,-2.876203353040056
10,0,0,0,40,-0.8634798694791197
10,0,0,0,50,0.6460980924258504
10,0,0,0,60,1.652530532674854
10,0,0,0,70,2.1558174512678985
10,0,0,0,80,2.155958848204973
10,0,0,0,90,1.652954723486081
10,0,0,0,100,0.6468050771112335
10,0,0,1,10,-10.041435395669794
10,0,0,1,20,-7.02242086879693
10,0,0,1,30,-4.506551863580031
10,0,0,1,40,-2.4938283800190977
10,0,0,1,50,-0.9842504181141276
10,0,0,1,60,0.022182022134876078
10,0,0,1,70,0.5254689407279187
10,0,0,1,80,0.525610337664995
10,0,0,1,90,0.022606212946106652
10,0,0,1,100,-0.983543433428741
10,0,1,0,10,-12.627409711445205
10,0,1,0,20,-9.608395184572341
10,0,1,0,30,-7.092526179355443
10,0,1,0,40,-5.079802695794507
10,0,1,0,50,-3.570224733889537
10,0,1,0,60,-2.5637922936405335
10,0,1,0,70,-2.060505375047491
10,0,1,0,80,-2.0603639781104146
10,0,1,0,90,-2.563368102829303
10,0,1,0,100,-3.5695177492041505
10,0,1,1,10,-14.257758221985181
10,0,1,1,20,-11.23874369511232
10,0,1,1,30,-8.72287468989542
10,0,1,1,40,-6.710151206334485
10,0,1,1,50,-5.200573244429515
10,0,1,1,60,-4.1941408041805115
10,0,1,1,70,-3.690853885587469
10,0,1,1,80,-3.6907124886503926
10,0,1,1,90,-4.1937166133692845
10,0,1,1,100,-5.199866259744132
10,1,0,0,10,-14.054647240671057
10,1,0,0,20,-11.035632713798194
10,1,0,0,30,-8.519763708581294
10,1,0,0,40,-6.50704022502036
10,1,0,0,50,-4.9974622631153895
10,1,0,0,60,-3.991029822866386
10,1,0,0,70,-3.487742904273343
10,1,0,0,80,-3.487601507336267
10,1,0,0,90,-3.990605632055159
10,1,0,0,100,-4.996755278430006
10,1,0,1,10,-15.684995751211035
10,1,0,1,20,-12.665981224338172
10,1,0,1,30,-10.150112219121272
10,1,0,1,40,-8.137388735560338
10,1,0,1,50,-6.6278107736553675
10,1,0,1,60,-5.621378333406364
10,1,0,1,70,-5.118091414813321
10,1,0,1,80,-5.117950017876245
10,1,0,1,90,-5.620954142595137
10,1,0,1,100,-6.627103788969981
10,1,1,0,10,-18.270970066986443
10,1,1,0,20,-15.251955540113581
10,1,1,0,30,-12.736086534896682
10,1,1,0,40,-10.723363051335747
10,1,1,0,50,-9.213785089430775
10,1,1,0,60,-8.207352649181773
10,1,1,0,70,-7.704065730588731
10,1,1,0,80,-7.7039243336516545
10,1,1,0,90,-8.206928458370546
10,1,1,0,100,-9.213078104745394
10,1,1,1,10,-19.901318577526425
10,1,1,1,20,-16.88230405065356
10,1,1,1,30,-14.36643504543666
10,1,1,1,40,-12.353711561875725
10,1,1,1,50,-10.844133599970753
10,1,1,1,60,-9.837701159721751
10,1,1,1,70,-9.334414241128709
10,1,1,1,80,-9.334272844191633
10,1,1,1,90,-9.837276968910524
10,1,1,1,100,-10.843426615285372
20,0,0,0,10,-5.993543507117247
20,0,0,0,20,-2.974528980244383
20,0,0,0,30,-0.45865997502748534
20,0,0,0,40,1.554063508533451
20,0,0,0,50,3.063641470438421
20,0,0,0,60,4.070073910687425
20,0,0,0,70,4.573360829280466
20,0,0,0,80,4.573502226217547
20,0,0,0,90,4.070498101498648
20,0,0,0,100,3.0643484551238007
20,0,0,1,10,-7.623892017657224
20,0,0,1,20,-4.604877490784359
20,0,0,1,30,-2.0890084855674633
20,0,0,1,40,-0.07628500200652688
20,0,0,1,50,1.4332929598984432
20,0,0,1,60,2.439725400147447
20,0,0,1,70,2.9430123187404913
20,0,0,1,80,2.943153715677566
20,0,0,1,90,2.440149590958674
20,0,0,1,100,1.4339999445838263
20,0,1,0,10,-10.209866333432634
20,0,1,0,20,-7.19085180655977
20,0,1,0,30,-4.674982801342873
20,0,1,0,40,-2.6622593177819365
20,0,1,0,50,-1.1526813558769664
20,0,1,0,60,-0.14624891562796272
20,0,1,0,70,0.3570380029650799
20,0,1,0,80,0.3571793999021562
20,0,1,0,90,-0.1458247248167357
20,0,1,0,100,-1.1519743711915833
20,0,1,1,10,-11.84021484397261
20,0,1,1,20,-8.821200317099748
20,0,1,1,30,-6.305331311882851
20,0,1,1,40,-4.2926078283219145
20,0,1,1,50,-2.7830298664169444
20,0,1,1,60,-1.7765974261679407
20,0,1,1,70,-1.273310507574898
20,0,1,1,80,-1.2731691106378218
20,0,1,1,90,-1.7761732353567101
20,0,1,1,100,-2.7823228817315577
20,1,0,0,10,-11.637103862658488
20,1,0,0,20,-8.618089335785623
20,1,0,0,30,-6.102220330568725
20,1,0,0,40,-4.089496847007789
20,1,0,0,50,-2.5799188851028187
20,1,0,0,60,-1.573486444853815
20,1,0,0,70,-1.0701995262607724
20,1,0,0,80,-1.0700581293236961
20,1,0,0,90,-1.5730622540425916
20,1,0,0,100,-2.579211900417439
20,1,0,1,10,-13.267452373198465
20,1,0,1,20,-10.2484378463256
20,1,0,1,30,-7.732568841108702
20,1,0,1,40,-5.719845357547767
20,1,0,1,50,-4.210267395642797
20,1,0,1,60,-3.203834955393793
20,1,0,1,70,-2.7005480368007504
20,1,0,1,80,-2.700406639863674
20,1,0,1,90,-3.203410764582566
20,1,0,1,100,-4.209560410957414
20,1,1,0,10,-15.853426688973876
20,1,1,0,20,-12.83441216210101
20,1,1,0,30,-10.318543156884113
20,1,1,0,40,-8.305819673323176
20,1,1,0,50,-6.796241711418206
20,1,1,0,60,-5.789809271169203
20,1,1,0,70,-5.28652235257616
20,1,1,0,80,-5.286380955639084
20,1,1,0,90,-5.789385080357976
20,1,1,0,100,-6.795534726732823
20,1,1,1,10,-17.48377519951385
20,1,1,1,20,-14.464760672640988
20,1,1,1,30,-11.948891667424089
20,1,1,1,40,-9.936168183863154
20,1,1,1,50,-8.426590221958183
20,1,1,1,60,-7.420157781709181
20,1,1,1,70,-6.916870863116138
20,1,1,1,80,-6.916729466179062
20,1,1,1,90,-7.419733590897954
20,1,1,1,100,-8.425883237272801
30,0,0,0,10,-4.127096485347996
30,0,0,0,20,-1.1080819584751307
30,0,0,0,30,1.407787046741765
30,0,0,0,40,3.4205105303027015
30,0,0,0,50,4.9300884922076715
30,0,0,0,60,5.936520932456675
30,0,0,0,70,6.43980785104972
30,0,0,0,80,6.439949247986794
30,0,0,0,90,5.936945123267902
30,0,0,0,100,4.930795476893055
30,0,0,1,10,-5.757444995887974
30,0,0,1,20,-2.7384304690151087
30,0,0,1,30,-0.2225614637982094
30,0,0,1,40,1.7901620197627235
30,0,0,1,50,3.299739981667697
30,0,0,1,60,4.306172421916701
30,0,0,1,70,4.809459340509738
30,0,0,1,80,4.80960073744682
30,0,0,1,90,4.306596612727928
30,0,0,1,100,3.30044696635308
30,0,1,0,10,-8.343419311663382
30,0,1,0,20,-5.324404784790518
30,0,1,0,30,-2.8085357795736225
30,0,1,0,40,-0.7958122960126861
30,0,1,0,50,0.713765665892284
30,0,1,0,60,1.7201981061412877
30,0,1,0,70,2.2234850247343285
30,0,1,0,80,2.22362642167141
30,0,1,0,90,1.7206222969525182
30,0,1,0,100,0.7144726505776706
30,0,1,1,10,-9.97376782220336
30,0,1,1,20,-6.954753295330496
30,0,1,1,30,-4.438884290113597
30,0,1,1,40,-2.426160806552664
30,0,1,1,50,-0.916582844647694
30,0,1,1,60,0.08984959560130967
30,0,1,1,70,0.5931365141943523
30,0,1,1,80,0.5932779111314286
30,0,1,1,90,0.0902737864125367
30,0,1,1,100,-0.9158758599623109
30,1,0,0,10,-9.770656840889236
30,1,0,0,20,-6.751642314016372
30,1,0,0,30,-4.235773308799475
30,1,0,0,40,-2.2230498252385384
30,1,0,0,50,-0.7134718633335684
30,1,0,0,60,0.2929605769154353
30,1,0,0,70,0.796247495508478
30,1,0,0,80,0.7963888924455542
30,1,0,0,90,0.29338476772666233
30,1,0,0,100,-0.7127648786481853
30,1,0,1,10,-11.401005351429212
30,1,0,1,20,-8.38199082455635
30,1,0,1,30,-5.866121819339453
30,1,0,1,40,-3.8533983357785164
30,1,0,1,50,-2.3438203738735464
30,1,0,1,60,-1.3373879336245427
30,1,0,1,70,-0.8341010150315
30,1,0,1,80,-0.8339596180944238
30,1,0,1,90,-1.336963742813312
30,1,0,1,100,-2.3431133891881597
30,1,1,0,10,-13.986979667204624
30,1,1,0,20,-10.96796514033176
30,1,1,0,30,-8.45209613511486
30,1,1,0,40,-6.439372651553926
30,1,1,0,50,-4.929794689648956
30,1,1,0,60,-3.9233622493999523
30,1,1,0,70,-3.4200753308069096
30,1,1,0,80,-3.4199339338698334
30,1,1,0,90,-3.9229380585887252
30,1,1,0,100,-4.929087704963569
30,1,1,1,10,-15.6173281777446
30,1,1,1,20,-12.598313650871738
30,1,1,1,30,-10.082444645654839
30,1,1,1,40,-8.069721162093904
30,1,1,1,50,-6.560143200188934
30,1,1,1,60,-5.55371075993993
30,1,1,1,70,-5.050423841346888
30,1,1,1,80,-5.050282444409811
30,1,1,1,90,-5.553286569128703
30,1,1,1,100,-6.559436215503551
40,0,0,0,10,-2.8117458198220593
40,0,0,0,20,0.2072687070508028
40,0,0,0,30,2.723137712267702
40,0,0,0,40,4.7358611958286385
40,0,0,0,50,6.245439157733609
40,0,0,0,60,7.251871597982612
40,0,0,0,70,7.755158516575653
40,0,0,0,80,7.755299913512735
40,0,0,0,90,7.252295788793836
40,0,0,0,100,6.246146142418988
40,0,0,1,10,-4.442094330362037
40,0,0,1,20,-1.4230798034891716
40,0,0,1,30,1.092789201727724
40,0,0,1,40,3.1055126852886605
40,0,0,1,50,4.615090647193631
40,0,0,1,60,5.621523087442634
40,0,0,1,70,6.124810006035679
40,0,0,1,80,6.124951402972753
40,0,0,1,90,5.621947278253861
40,0,0,1,100,4.615797631879014
40,0,1,0,10,-7.028068646137446
40,0,1,0,20,-4.009054119264583
40,0,1,0,30,-1.4931851140476855
40,0,1,0,40,0.5195383695132509
40,0,1,0,50,2.029116331418221
40,0,1,0,60,3.0355487716672247
40,0,1,0,70,3.538835690260269
40,0,1,0,80,3.5389770871973436
40,0,1,0,90,3.0359729624784517
40,0,1,0,100,2.029823316103604
40,0,1,1,10,-8.658417156677423
40,0,1,1,20,-5.639402629804559
40,0,1,1,30,-3.1235336245876635
40,0,1,1,40,-1.110810141026727
40,0,1,1,50,0.39876782087824303
40,0,1,1,60,1.4052002611272467
40,0,1,1,70,1.9084871797202876
40,0,1,1,80,1.9086285766573692
40,0,1,1,90,1.4056244519384773
40,0,1,1,100,0.3994748055636297
40,1,0,0,10,-8.455306175363301
40,1,0,0,20,-5.436291648490437
40,1,0,0,30,-2.920422643273538
40,1,0,0,40,-0.9076991597126014
40,1,0,0,50,0.6018788021923687
40,1,0,0,60,1.6083112424413724
40,1,0,0,70,2.1115981610344132
40,1,0,0,80,2.1117395579714877
40,1,0,0,90,1.6087354332525958
40,1,0,0,100,0.6025857868777482
40,1,0,1,10,-10.085654685903277
40,1,0,1,20,-7.066640159030413
40,1,0,1,30,-4.550771153813516
40,1,0,1,40,-2.5380476702525794
40,1,0,1,50,-1.0284697083476093
40,1,0,1,60,-0.022037268098605622
40,1,0,1,70,0.481249650494437
40,1,0,1,80,0.4813910474315133
40,1,0,1,90,-0.0216130772873786
40,1,0,1,100,-1.0277627236622262
40,1,1,0,10,-12.671629001678689
40,1,1,0,20,-9.652614474805823
40,1,1,0,30,-7.1367454695889245
40,1,1,0,40,-5.124021986027989
40,1,1,0,50,-3.614444024123019
40,1,1,0,60,-2.608011583874015
40,1,1,0,70,-2.1047246652809726
40,1,1,0,80,-2.1045832683438963
40,1,1,0,90,-2.607587393062788
40,1,1,0,100,-3.613737039437636
40,1,1,1,10,-14.301977512218665
40,1,1,1,20,-11.2829629853458
40,1,1,1,30,-8.767093980128902
40,1,1,1,40,-6.754370496567967
40,1,1,1,50,-5.244792534662997
40,1,1,1,60,-4.238360094413993
40,1,1,1,70,-3.7350731758209506
40,1,1,1,80,-3.7349317788838743
40,1,1,1,90,-4.237935903602766
40,1,1,1,100,-5.244085549977617
50,0,0,0,10,-2.0474915105394427
50,0,0,0,20,0.971523016333423
50,0,0,0,30,3.4873920215503187
50,0,0,0,40,5.500115505111255
50,0,0,0,50,7.009693467016225
50,0,0,0,60,8.016125907265229
50,0,0,0,70,8.519412825858273
50,0,0,0,80,8.519554222795348
50,0,0,0,90,8.016550098076456
50,0,0,0,100,7.010400451701608
50,0,0,1,10,-3.6778400210794207
50,0,0,1,20,-0.658825494206555
50,0,0,1,30,1.8570435110103407
50,0,0,1,40,3.869766994571277
50,0,0,1,50,5.379344956476247
50,0,0,1,60,6.385777396725251
50,0,0,1,70,6.889064315318292
50,0,0,1,80,6.889205712255373
50,0,0,1,90,6.3862015875364815
50,0,0,1,100,5.380051941161634
50,0,1,0,10,-6.26381433685483
50,0,1,0,20,-3.2447998099819664
50,0,1,0,30,-0.7289308047650689
50,0,1,0,40,1.2837926787958676
50,0,1,0,50,2.7933706407008376
50,0,1,0,60,3.7998030809498413
50,0,1,0,70,4.303089999542882
50,0,1,0,80,4.303231396479964
50,0,1,0,90,3.800227271761065
50,0,1,0,100,2.794077625386217
50,0,1,1,10,-7.894162847394807
50,0,1,1,20,-4.875148320521943
50,0,1,1,30,-2.359279315305047
50,0,1,1,40,-0.3465558317441104
50,0,1,1,50,1.1630221301608596
50,0,1,1,60,2.1694545704098633
50,0,1,1,70,2.6727414890029078
50,0,1,1,80,2.6728828859399822
50,0,1,1,90,2.1698787612210904
50,0,1,1,100,1.1637291148462428
