0,0,0,0,10,-89.53743802242167
0,0,0,0,20,-67.62612371966323
0,0,0,0,30,-49.54402387528086
0,0,0,0,40,-35.29113848927453
0,0,0,0,50,-24.86746756164426
0,0,0,0,60,-18.27301109239005
0,0,0,0,70,-15.507769081511881
0,0,0,0,80,-16.57174152900977
0,0,0,0,90,-21.464928434883703
0,0,0,0,100,-30.187329799133735
0,0,0,1,10,-99.74604269122072
0,0,0,1,20,-77.8347283884623
0,0,0,1,30,-59.752628544079926
0,0,0,1,40,-45.4997431580736
0,0,0,1,50,-35.07607223044333
0,0,0,1,60,-28.48161576118912
0,0,0,1,70,-25.71637375031095
0,0,0,1,80,-26.78034619780884
0,0,0,1,90,-31.67353310368277
0,0,0,1,100,-40.395934467932804
0,0,1,0,10,-122.90749541850158
0,0,1,0,20,-100.99618111574314
0,0,1,0,30,-82.91408127136077
0,0,1,0,40,-68.66119588535443
0,0,1,0,50,-58.237524957724176
0,0,1,0,60,-51.643068488469964
0,0,1,0,70,-48.877826477591796
0,0,1,0,80,-49.941798925089685
0,0,1,0,90,-54.83498583096362
0,0,1,0,100,-63.55738719521365
0,0,1,1,10,-133.11610008730065
0,0,1,1,20,-111.20478578454221
0,0,1,1,30,-93.12268594015984
0,0,1,1,40,-78.8698005541535
0,0,1,1,50,-68.44612962652324
0,0,1,1,60,-61.85167315726903
0,0,1,1,70,-59.086431146390865
0,0,1,1,80,-60.150403593888754
0,0,1,1,90,-65.04359049976269
0,0,1,1,100,-73.76599186401272
0,1,0,0,10,-135.94914880801386
0,1,0,0,20,-114.03783450525543
0,1,0,0,30,-95.95573466087305
0,1,0,0,40,-81.70284927486674
0,1,0,0,50,-71.27917834723645
0,1,0,0,60,-64.68472187798224
0,1,0,0,70,-61.91947986710407
0,1,0,0,80,-62.98345231460196
0,1,0,0,90,-67.8766392204759
0,1,0,0,100,-76.59904058472593
0,1,0,1,10,-146.15775347681293
0,1,0,1,20,-124.2464391740545
0,1,0,1,30,-106.16433932967212
0,1,0,1,40,-91.91145394366579
0,1,0,1,50,-81.48778301603552
0,1,0,1,60,-74.89332654678131
0,1,0,1,70,-72.12808453590314
0,1,0,1,80,-73.19205698340103
0,1,0,1,90,-78.08524388927496
0,1,0,1,100,-86.807645253525
0,1,1,0,10,-169.31920620409377
0,1,1,0,20,-147.40789190133535
0,1,1,0,30,-129.32579205695296
0,1,1,0,40,-115.07290667094662
0,1,1,0,50,-104.64923574331637
0,1,1,0,60,-98.05477927406216
0,1,1,0,70,-95.28953726318399
0,1,1,0,80,-96.35350971068188
0,1,1,0,90,-101.24669661655581
0,1,1,0,100,-109.96909798080584
0,1,1,1,10,-179.52781087289281
0,1,1,1,20,-157.61649657013442
0,1,1,1,30,-139.53439672575203
0,1,1,1,40,-125.28151133974569
0,1,1,1,50,-114.85784041211544
0,1,1,1,60,-108.26338394286122
0,1,1,1,70,-105.49814193198306
0,1,1,1,80,-106.56211437948095
0,1,1,1,90,-111.45530128535488
0,1,1,1,100,-120.17770264960491
10,0,0,0,10,-65.16361844043973
10,0,0,0,20,-43.25230413768129
10,0,0,0,30,-25.17020429329891
10,0,0,0,40,-10.917318907292568
10,0,0,0,50,-0.49364797966232743
10,0,0,0,60,6.100808489591884
10,0,0,0,70,8.866050500470052
10,0,0,0,80,7.802078052972163
10,0,0,0,90,2.908891147098231
10,0,0,0,100,-5.813510217151801
10,0,0,1,10,-75.37222310923879
10,0,0,1,20,-53.460908806480354
10,0,0,1,30,-35.37880896209798
10,0,0,1,40,-21.125923576091637
10,0,0,1,50,-10.702252648461396
10,0,0,1,60,-4.107796179207185
10,0,0,1,70,-1.3425541683290163
10,0,0,1,80,-2.4065266158269054
10,0,0,1,90,-7.299713521700838
10,0,0,1,100,-16.02211488595087
10,0,1,0,10,-98.53367583651963
10,0,1,0,20,-76.6223615337612
10,0,1,0,30,-58.54026168937882
10,0,1,0,40,-44.28737630337248
10,0,1,0,50,-33.86370537574224
10,0,1,0,60,-27.26924890648803
10,0,1,0,70,-24.504006895609862
10,0,1,0,80,-25.56797934310775
10,0,1,0,90,-30.461166248981684
10,0,1,0,100,-39.183567613231716
10,0,1,1,10,-108.7422805053187
10,0,1,1,20,-86.83096620256026
10,0,1,1,30,-68.74886635817789
10,0,1,1,40,-54.49598097217156
10,0,1,1,50,-44.07231004454131
10,0,1,1,60,-37.4778535752871
10,0,1,1,70,-34.71261156440893
10,0,1,1,80,-35.77658401190682
10,0,1,1,90,-40.66977091778075
10,0,1,1,100,-49.392172282030785
10,1,0,0,10,-111.57532922603193
10,1,0,0,20,-89.66401492327348
10,1,0,0,30,-71.58191507889111
10,1,0,0,40,-57.32902969288478
10,1,0,0,50,-46.90535876525452
10,1,0,0,60,-40.31090229600031
10,1,0,0,70,-37.54566028512214
10,1,0,0,80,-38.60963273262003
10,1,0,0,90,-43.50281963849396
10,1,0,0,100,-52.22522100274399
10,1,0,1,10,-121.783933894831
10,1,0,1,20,-99.87261959207255
10,1,0,1,30,-81.79051974769018
10,1,0,1,40,-67.53763436168384
10,1,0,1,50,-57.11396343405359
10,1,0,1,60,-50.519506964799376
10,1,0,1,70,-47.75426495392121
10,1,0,1,80,-48.8182374014191
10,1,0,1,90,-53.71142430729303
10,1,0,1,100,-62.43382567154306
10,1,1,0,10,-144.94538662211184
10,1,1,0,20,-123.0340723193534
10,1,1,0,30,-104.95197247497103
10,1,1,0,40,-90.69908708896469
10,1,1,0,50,-80.27541616133443
10,1,1,0,60,-73.68095969208022
10,1,1,0,70,-70.91571768120205
10,1,1,0,80,-71.97969012869994
10,1,1,0,90,-76.87287703457388
10,1,1,0,100,-85.59527839882391
10,1,1,1,10,-155.1539912909109
10,1,1,1,20,-133.24267698815248
10,1,1,1,30,-115.1605771437701
10,1,1,1,40,-100.90769175776376
10,1,1,1,50,-90.4840208301335
10,1,1,1,60,-83.88956436087929
10,1,1,1,70,-81.12432235000112
10,1,1,1,80,-82.18829479749901
10,1,1,1,90,-87.08148170337294
10,1,1,1,100,-95.80388306762298
20,0,0,0,10,-45.38400950437078
20,0,0,0,20,-23.472695201612353
20,0,0,0,30,-5.390595357229969
20,0,0,0,40,8.862290028776371
20,0,0,0,50,19.285960956406612
20,0,0,0,60,25.880417425660838
20,0,0,0,70,28.645659436538992
20,0,0,0,80,27.58168698904113
20,0,0,0,90,22.68850008316717
20,0,0,0,100,13.966098718917138
20,0,0,1,10,-55.592614173169856
20,0,0,1,20,-33.68129987041142
20,0,0,1,30,-15.599200026029038
20,0,0,1,40,-1.3463146400226975
20,0,0,1,50,9.077356287607543
20,0,0,1,60,15.671812756861769
20,0,0,1,70,18.437054767739923
20,0,0,1,80,17.373082320242034
20,0,0,1,90,12.479895414368102
20,0,0,1,100,3.757494050118069
20,0,1,0,10,-78.75406690045071
20,0,1,0,20,-56.84275259769226
20,0,1,0,30,-38.760652753309884
20,0,1,0,40,-24.507767367303543
20,0,1,0,50,-14.084096439673303
20,0,1,0,60,-7.489639970419091
20,0,1,0,70,-4.724397959540923
20,0,1,0,80,-5.788370407038812
20,0,1,0,90,-10.681557312912744
20,0,1,0,100,-19.403958677162777
20,0,1,1,10,-88.96267156924976
20,0,1,1,20,-67.05135726649132
20,0,1,1,30,-48.96925742210895
20,0,1,1,40,-34.71637203610261
20,0,1,1,50,-24.29270110847237
20,0,1,1,60,-17.69824463921816
20,0,1,1,70,-14.933002628339992
20,0,1,1,80,-15.99697507583788
20,0,1,1,90,-20.890161981711813
20,0,1,1,100,-29.612563345961846
20,1,0,0,10,-91.79572028996299
20,1,0,0,20,-69.88440598720454
20,1,0,0,30,-51.802306142822175
20,1,0,0,40,-37.54942075681585
20,1,0,0,50,-27.12574982918558
20,1,0,0,60,-20.531293359931368
20,1,0,0,70,-17.7660513490532
20,1,0,0,80,-18.83002379655109
20,1,0,0,90,-23.72321070242502
20,1,0,0,100,-32.445612066675025
20,1,0,1,10,-102.00432495876206
20,1,0,1,20,-80.09301065600361
20,1,0,1,30,-62.010910811621244
20,1,0,1,40,-47.75802542561492
20,1,0,1,50,-37.33435449798465
20,1,0,1,60,-30.739898028730437
20,1,0,1,70,-27.97465601785227
20,1,0,1,80,-29.038628465350158
20,1,0,1,90,-33.93181537122409
20,1,0,1,100,-42.654216735474094
20,1,1,0,10,-125.1657776860429
20,1,1,0,20,-103.25446338328446
20,1,1,0,30,-85.17236353890209
20,1,1,0,40,-70.91947815289575
20,1,1,0,50,-60.495807225265494
20,1,1,0,60,-53.90135075601128
20,1,1,0,70,-51.136108745133114
20,1,1,0,80,-52.200081192631
20,1,1,0,90,-57.093268098504936
20,1,1,0,100,-65.81566946275497
20,1,1,1,10,-135.37438235484197
20,1,1,1,20,-113.46306805208353
20,1,1,1,30,-95.38096820770116
20,1,1,1,40,-81.12808282169482
20,1,1,1,50,-70.70441189406456
20,1,1,1,60,-64.10995542481035
20,1,1,1,70,-61.34471341393218
20,1,1,1,80,-62.40868586143007
20,1,1,1,90,-67.301872767304
20,1,1,1,100,-76.02427413155404
30,0,0,0,10,-30.19861121421482
30,0,0,0,20,-8.287296911456409
30,0,0,0,30,9.794802932925975
30,0,0,0,40,24.047688318932316
30,0,0,0,50,34.47135924656256
30,0,0,0,60,41.06581571581678
30,0,0,0,70,43.83105772669494
30,0,0,0,80,42.767085279197076
30,0,0,0,90,37.873898373323115
30,0,0,0,100,29.151497009073083
30,0,0,1,10,-40.40721588301389
30,0,0,1,20,-18.495901580255477
30,0,0,1,30,-0.41380173587309343
30,0,0,1,40,13.839083650133247
30,0,0,1,50,24.262754577763488
30,0,0,1,60,30.857211047017714
30,0,0,1,70,33.62245305789587
30,0,0,1,80,32.55848061039801
30,0,0,1,90,27.665293704524046
30,0,0,1,100,18.942892340274014
30,0,1,0,10,-63.56866861029474
30,0,1,0,20,-41.65735430753632
30,0,1,0,30,-23.57525446315394
30,0,1,0,40,-9.322369077147599
30,0,1,0,50,1.101301850482642
30,0,1,0,60,7.695758319736882
30,0,1,0,70,10.461000330615022
30,0,1,0,80,9.397027883117161
30,0,1,0,90,4.5038409772432
30,0,1,0,100,-4.218560387006832
30,0,1,1,10,-73.7772732790938
30,0,1,1,20,-51.86595897633537
30,0,1,1,30,-33.78385913195301
30,0,1,1,40,-19.530973745946667
30,0,1,1,50,-9.107302818316398
30,0,1,1,60,-2.512846349062187
30,0,1,1,70,0.2523956618159815
30,0,1,1,80,-0.8115767856819076
30,0,1,1,90,-5.704763691555868
30,0,1,1,100,-14.4271650558059
30,1,0,0,10,-76.61032199980704
30,1,0,0,20,-54.69900769704859
30,1,0,0,30,-36.616907852666216
30,1,0,0,40,-22.364022466659875
30,1,0,0,50,-11.940351539029635
30,1,0,0,60,-5.345895069775423
30,1,0,0,70,-2.580653058897255
30,1,0,0,80,-3.644625506395144
30,1,0,0,90,-8.537812412269048
30,1,0,0,100,-17.26021377651908
30,1,0,1,10,-86.8189266686061
30,1,0,1,20,-64.90761236584765
30,1,0,1,30,-46.825512521465285
30,1,0,1,40,-32.572627135458944
30,1,0,1,50,-22.148956207828704
30,1,0,1,60,-15.554499738574492
30,1,0,1,70,-12.789257727696324
30,1,0,1,80,-13.853230175194213
30,1,0,1,90,-18.746417081068145
30,1,0,1,100,-27.46881844531815
30,1,1,0,10,-109.98037939588694
30,1,1,0,20,-88.0690650931285
30,1,1,0,30,-69.98696524874613
30,1,1,0,40,-55.7340798627398
30,1,1,0,50,-45.31040893510955
30,1,1,0,60,-38.71595246585534
30,1,1,0,70,-35.95071045497717
30,1,1,0,80,-37.01468290247506
30,1,1,0,90,-41.90786980834899
30,1,1,0,100,-50.630271172598995
30,1,1,1,10,-120.18898406468601
30,1,1,1,20,-98.27766976192757
30,1,1,1,30,-80.1955699175452
30,1,1,1,40,-65.94268453153887
30,1,1,1,50,-55.51901360390862
30,1,1,1,60,-48.92455713465441
30,1,1,1,70,-46.15931512377624
30,1,1,1,80,-47.22328757127413
30,1,1,1,90,-52.11647447714806
30,1,1,1,100,-60.83887584139809
40,0,0,0,10,-19.607423569971886
40,0,0,0,20,2.3038907327865417
40,0,0,0,30,20.385990577168897
40,0,0,0,40,34.638875963175266
40,0,0,0,50,45.06254689080551
40,0,0,0,60,51.65700336005973
40,0,0,0,70,54.42224537093789
40,0,0,0,80,53.358272923440026
40,0,0,0,90,48.465086017566065
40,0,0,0,100,39.74268465331603
40,0,0,1,10,-29.816028238770954
40,0,0,1,20,-7.904713936012527
40,0,0,1,30,10.177385908369828
40,0,0,1,40,24.430271294376197
40,0,0,1,50,34.85394222200644
40,0,0,1,60,41.448398691260664
40,0,0,1,70,44.21364070213882
40,0,0,1,80,43.1496682546409
40,0,0,1,90,38.256481348767
40,0,0,1,100,29.534079984516964
40,0,1,0,10,-52.97748096605181
40,0,1,0,20,-31.066166663293373
40,0,1,0,30,-12.984066818911003
40,0,1,0,40,1.2688185670953516
40,0,1,0,50,11.692489494725592
40,0,1,0,60,18.286945963979818
40,0,1,0,70,21.052187974857972
40,0,1,0,80,19.98821552736011
40,0,1,0,90,15.09502862148615
40,0,1,0,100,6.372627257236118
40,0,1,1,10,-63.186085634850876
40,0,1,1,20,-41.27477133209244
40,0,1,1,30,-23.192671487710072
40,0,1,1,40,-8.939786101703717
40,0,1,1,50,1.4838848259265234
40,0,1,1,60,8.078341295180735
40,0,1,1,70,10.843583306058903
40,0,1,1,80,9.779610858561014
40,0,1,1,90,4.886423952687082
40,0,1,1,100,-3.8359774115629506
40,1,0,0,10,-66.01913435556409
40,1,0,0,20,-44.107820052805664
40,1,0,0,30,-26.025720208423294
40,1,0,0,40,-11.772834822416954
40,1,0,0,50,-1.3491638947866846
40,1,0,0,60,5.245292574467527
40,1,0,0,70,8.010534585345695
40,1,0,0,80,6.946562137847806
40,1,0,0,90,2.0533752319738454
40,1,0,0,100,-6.669026132276187
40,1,0,1,10,-76.22773902436316
40,1,0,1,20,-54.316424721604726
40,1,0,1,30,-36.23432487722235
40,1,0,1,40,-21.981439491216022
40,1,0,1,50,-11.557768563585753
40,1,0,1,60,-4.963312094331542
40,1,0,1,70,-2.1980700834533735
40,1,0,1,80,-3.2620425309512626
40,1,0,1,90,-8.155229436825223
40,1,0,1,100,-16.877630801075256
40,1,1,0,10,-99.389191751644
40,1,1,0,20,-77.47787744888558
40,1,1,0,30,-59.39577760450321
40,1,1,0,40,-45.14289221849687
40,1,1,0,50,-34.7192212908666
40,1,1,0,60,-28.124764821612388
40,1,1,0,70,-25.35952281073422
40,1,1,0,80,-26.42349525823211
40,1,1,0,90,-31.31668216410604
40,1,1,0,100,-40.0390835283561
40,1,1,1,10,-109.59779642044307
40,1,1,1,20,-87.68648211768465
40,1,1,1,30,-69.60438227330226
40,1,1,1,40,-55.351496887295944
40,1,1,1,50,-44.92782595966567
40,1,1,1,60,-38.33336949041146
40,1,1,1,70,-35.56812747953329
40,1,1,1,80,-36.63209992703118
40,1,1,1,90,-41.52528683290511
40,1,1,1,100,-50.24768819715517
50,0,0,0,10,-13.610446571641916
50,0,0,0,20,8.300867731116497
50,0,0,0,30,26.38296757549888
50,0,0,0,40,40.63585296150522
50,0,0,0,50,51.05952388913546
50,0,0,0,60,57.65398035838969
50,0,0,0,70,60.41922236926784
50,0,0,0,80,59.35524992176998
50,0,0,0,90,54.46206301589602
50,0,0,0,100,45.73966165164599
50,0,0,1,10,-23.819051240440984
50,0,0,1,20,-1.9077369376825715
50,0,0,1,30,16.174362906699812
50,0,0,1,40,30.427248292706153
50,0,0,1,50,40.850919220336394
50,0,0,1,60,47.44537568959062
50,0,0,1,70,50.210617700468774
50,0,0,1,80,49.14664525297091
50,0,0,1,90,44.25345834709695
50,0,0,1,100,35.53105698284692
50,0,1,0,10,-46.98050396772183
50,0,1,0,20,-25.069189664963417
50,0,1,0,30,-6.9870898205810335
50,0,1,0,40,7.265795565425307
50,0,1,0,50,17.689466493055548
50,0,1,0,60,24.283922962309774
50,0,1,0,70,27.049164973187928
50,0,1,0,80,25.985192525690067
50,0,1,0,90,21.092005619816106
50,0,1,0,100,12.369604255566074
50,0,1,1,10,-57.189108636520906
50,0,1,1,20,-35.277794333762486
50,0,1,1,30,-17.195694489380102
50,0,1,1,40,-2.9428091033737616
50,0,1,1,50,7.480861824256479
50,0,1,1,60,14.075318293510705
50,0,1,1,70,16.84056030438886
50,0,1,1,80,15.776587856890998
50,0,1,1,90,10.883400951017038
50,0,1,1,100,2.160999586767005
