50,1,0,0,10,-110.02519093476606
50,1,0,0,20,-67.66719258843725
50,1,0,0,30,-32.94648090719235
50,1,0,0,40,-5.863055891031337
50,1,0,0,50,13.583082460045802
50,1,0,0,60,25.391934146039063
50,1,0,0,70,29.563499166948418
50,1,0,0,80,26.097777522773924
50,1,0,0,90,14.994769213515468
50,1,0,0,100,-3.74552576082678
50,1,0,1,10,-131.41328642995344
50,1,0,1,20,-89.05528808362465
50,1,0,1,30,-54.33457640237975
50,1,0,1,40,-27.251151386218737
50,1,0,1,50,-7.805013035141627
50,1,0,1,60,4.003838650851634
50,1,0,1,70,8.17540367176099
50,1,0,1,80,4.709682027586496
50,1,0,1,90,-6.393326281671904
50,1,0,1,100,-25.133621256014152
50,1,1,0,10,-166.63414138642742
50,1,1,0,20,-124.27614304009863
50,1,1,0,30,-89.55543135885372
50,1,1,0,40,-62.47200634269271
50,1,1,0,50,-43.02586799161557
50,1,1,0,60,-31.21701630562231
50,1,1,0,70,-27.045451284712954
50,1,1,0,80,-30.511172928887447
50,1,1,0,90,-41.6141812381459
50,1,1,0,100,-60.35447621248815
50,1,1,1,10,-188.02223688161482
50,1,1,1,20,-145.66423853528602
50,1,1,1,30,-110.94352685404112
50,1,1,1,40,-83.86010183788011
50,1,1,1,50,-64.41396348680297
50,1,1,1,60,-52.60511180080968
50,1,1,1,70,-48.43354677990038
50,1,1,1,80,-51.89926842407482
50,1,1,1,90,-63.002276733333275
50,1,1,1,100,-81.74257170767552
60,0,0,0,10,-23.08761100126935
60,0,0,0,20,19.270387345059447
60,0,0,0,30,53.99109902630434
60,0,0,0,40,81.07452404246536
60,0,0,0,50,100.5206623935425
60,0,0,0,60,112.32951407953576
60,0,0,0,70,116.50107910044508
60,0,0,0,80,113.03535745627053
60,0,0,0,90,101.9323491470121
60,0,0,0,100,83.19205417266997
60,0,0,1,10,-44.47570649645675
60,0,0,1,20,-2.117708150127953
60,0,0,1,30,32.60300353111697
60,0,0,1,40,59.68642854727793
60,0,0,1,50,79.13256689835512
60,0,0,1,60,90.94141858434833
60,0,0,1,70,95.11298360525771
60,0,0,1,80,91.64726196108316
60,0,0,1,90,80.54425365182473
60,0,0,1,100,61.803958677482484
60,0,1,0,10,-79.69656145293072
60,0,1,0,20,-37.338563106601924
60,0,1,0,30,-2.6178514253570313
60,0,1,0,40,24.465573590803984
60,0,1,0,50,43.91171194188112
60,0,1,0,60,55.720563627874384
60,0,1,0,70,59.89212864878371
60,0,1,0,80,56.426407004609274
60,0,1,0,90,45.323398695350846
60,0,1,0,100,26.583103721008484
60,0,1,1,10,-101.08465694811812
60,0,1,1,20,-58.726658601789325
60,0,1,1,30,-24.00594692054443
60,0,1,1,40,3.0774780956165557
60,0,1,1,50,22.52361644669375
60,0,1,1,60,34.332468132686955
60,0,1,1,70,38.50403315359637
60,0,1,1,80,35.03831150942182
60,0,1,1,90,23.93530320016336
60,0,1,1,100,5.1950082258211125
60,1,0,0,10,-106.88141675991729
60,1,0,0,20,-64.52341841358847
60,1,0,0,30,-29.80270673234358
60,1,0,0,40,-2.7192817161825644
60,1,0,0,50,16.726856634894574
60,1,0,0,60,28.535708320887835
60,1,0,0,70,32.70727334179719
60,1,0,0,80,29.241551697622697
60,1,0,0,90,18.13854338836424
60,1,0,0,100,-0.6017515859780076
60,1,0,1,10,-128.26951225510467
60,1,0,1,20,-85.91151390877587
60,1,0,1,30,-51.19080222753098
60,1,0,1,40,-24.107377211369965
60,1,0,1,50,-4.661238860292855
60,1,0,1,60,7.147612825700406
60,1,0,1,70,11.319177846609762
60,1,0,1,80,7.853456202435268
60,1,0,1,90,-3.2495521068231312
60,1,0,1,100,-21.98984708116538
60,1,1,0,10,-163.49036721157864
60,1,1,0,20,-121.13236886524986
60,1,1,0,30,-86.41165718400495
60,1,1,0,40,-59.328232167843936
60,1,1,0,50,-39.8820938167668
60,1,1,0,60,-28.073242130773536
60,1,1,0,70,-23.90167710986418
60,1,1,0,80,-27.367398754038675
60,1,1,0,90,-38.47040706329713
60,1,1,0,100,-57.21070203763938
60,1,1,1,10,-184.87846270676604
60,1,1,1,20,-142.52046436043724
60,1,1,1,30,-107.79975267919235
60,1,1,1,40,-80.71632766303134
60,1,1,1,50,-61.2701893119542
60,1,1,1,60,-49.46133762596091
60,1,1,1,70,-45.28977260505161
60,1,1,1,80,-48.75549424922605
60,1,1,1,90,-59.8585025584845
60,1,1,1,100,-78.59879753282675
70,0,0,0,10,-28.309710452614837
70,0,0,0,20,14.048287893713962
70,0,0,0,30,48.76899957495888
70,0,0,0,40,75.85242459111984
70,0,0,0,50,95.29856294219704
70,0,0,0,60,107.10741462819024
70,0,0,0,70,111.27897964909963
70,0,0,0,80,107.81325800492507
70,0,0,0,90,96.71024969566665
70,0,0,0,100,77.9699547213244
70,0,0,1,10,-49.69780594780224
70,0,0,1,20,-7.339807601473439
70,0,0,1,30,27.380904079771454
70,0,0,1,40,54.46432909593247
70,0,0,1,50,73.91046744700961
70,0,0,1,60,85.71931913300287
70,0,0,1,70,89.89088415391225
70,0,0,1,80,86.4251625097377
70,0,0,1,90,75.32215420047928
70,0,0,1,100,56.58185922613703
70,0,1,0,10,-84.91866090427621
70,0,1,0,20,-42.56066255794741
70,0,1,0,30,-7.839950876702517
70,0,1,0,40,19.24347413945847
70,0,1,0,50,38.689612490535666
70,0,1,0,60,50.49846417652887
70,0,1,0,70,54.670029197438254
70,0,1,0,80,51.2043075532637
70,0,1,0,90,40.101299244005276
70,0,1,0,100,21.361004269663027
70,0,1,1,10,-106.30675639946361
70,0,1,1,20,-63.94875805313481
70,0,1,1,30,-29.228046371889917
70,0,1,1,40,-2.1446213557289013
70,0,1,1,50,17.301516995348237
70,0,1,1,60,29.110368681341498
70,0,1,1,70,33.28193370225085
70,0,1,1,80,29.81621205807636
70,0,1,1,90,18.713203748817904
70,0,1,1,100,-0.02709122552434451
70,1,0,0,10,-112.10351621126277
70,1,0,0,20,-69.74551786493399
70,1,0,0,30,-35.024806183689094
70,1,0,0,40,-7.941381167528078
70,1,0,0,50,11.50475718354906
70,1,0,0,60,23.31360886954232
70,1,0,0,70,27.485173890451676
70,1,0,0,80,24.019452246277183
70,1,0,0,90,12.916443937018784
70,1,0,0,100,-5.823851037323465
70,1,0,1,10,-133.49161170645016
70,1,0,1,20,-91.13361336012137
70,1,0,1,30,-56.412901678876466
70,1,0,1,40,-29.32947666271545
70,1,0,1,50,-9.883338311638312
70,1,0,1,60,1.9255133743549493
70,1,0,1,70,6.097078395264305
70,1,0,1,80,2.631356751089811
70,1,0,1,90,-8.471651558168702
70,1,0,1,100,-27.21194653251095
70,1,1,0,10,-168.71246666292413
70,1,1,0,20,-126.35446831659534
70,1,1,0,30,-91.63375663535044
70,1,1,0,40,-64.55033161918942
70,1,1,0,50,-45.10419326811231
70,1,1,0,60,-33.29534158211905
70,1,1,0,70,-29.123776561209695
70,1,1,0,80,-32.58949820538419
70,1,1,0,90,-43.692506514642645
70,1,1,0,100,-62.432801488984836
70,1,1,1,10,-190.10056215811153
70,1,1,1,20,-147.74256381178276
70,1,1,1,30,-113.02185213053784
70,1,1,1,40,-85.93842711437682
70,1,1,1,50,-66.49228876329968
70,1,1,1,60,-54.68343707730642
70,1,1,1,70,-50.51187205639707
70,1,1,1,80,-53.97759370057156
70,1,1,1,90,-65.08060200983002
70,1,1,1,100,-83.82089698417232
80,0,0,0,10,-41.89768353015455
80,0,0,0,20,0.46031481617424674
80,0,0,0,30,35.18102649741914
80,0,0,0,40,62.264451513580156
80,0,0,0,50,81.7105898646573
80,0,0,0,60,93.51944155065055
80,0,0,0,70,97.69100657155994
80,0,0,0,80,94.22528492738539
80,0,0,0,90,83.12227661812696
80,0,0,0,100,64.38198164378471
80,0,0,1,10,-63.28577902534195
80,0,0,1,20,-20.927780679013154
80,0,0,1,30,13.792931002231711
80,0,0,1,40,40.876356018392784
80,0,0,1,50,60.322494369469865
80,0,0,1,60,72.13134605546318
80,0,0,1,70,76.30291107637245
80,0,0,1,80,72.83718943219802
80,0,0,1,90,61.73418112293959
80,0,0,1,100,42.99388614859734
80,0,1,0,10,-98.50663398181592
80,0,1,0,20,-56.148635635487125
80,0,1,0,30,-21.42792395424223
80,0,1,0,40,5.655501061918784
80,0,1,0,50,25.101639412995922
80,0,1,0,60,36.91049109898918
80,0,1,0,70,41.08205611989857
80,0,1,0,80,37.616334475724045
80,0,1,0,90,26.51332616646559
80,0,1,0,100,7.773031192123341
80,0,1,1,10,-119.89472947700332
80,0,1,1,20,-77.53673113067453
80,0,1,1,30,-42.81601944942963
80,0,1,1,40,-15.732594433268588
80,0,1,1,50,3.7135439178085505
80,0,1,1,60,15.522395603801812
80,0,1,1,70,19.693960624711167
80,0,1,1,80,16.228238980536673
80,0,1,1,90,5.125230671278217
80,0,1,1,100,-13.615064303064031
80,1,0,0,10,-125.69148928880249
80,1,0,0,20,-83.33349094247367
80,1,0,0,30,-48.61277926122878
80,1,0,0,40,-21.529354245067765
80,1,0,0,50,-2.0832158939906265
80,1,0,0,60,9.725635792002635
80,1,0,0,70,13.89720081291199
80,1,0,0,80,10.431479168737496
80,1,0,0,90,-0.6715291405210166
80,1,0,0,100,-19.411824114863265
80,1,0,1,10,-147.07958478398987
80,1,0,1,20,-104.72158643766109
80,1,0,1,30,-70.00087475641618
80,1,0,1,40,-42.917449740255165
80,1,0,1,50,-23.471311389178055
80,1,0,1,60,-11.662459703184794
80,1,0,1,70,-7.490894682275439
80,1,0,1,80,-10.956616326449932
80,1,0,1,90,-22.05962463570839
80,1,0,1,100,-40.79991961005064
80,1,1,0,10,-182.30043974046384
80,1,1,0,20,-139.94244139413507
80,1,1,0,30,-105.22172971289015
80,1,1,0,40,-78.13830469672914
80,1,1,0,50,-58.692166345652
80,1,1,0,60,-46.88331465965874
80,1,1,0,70,-42.71174963874938
80,1,1,0,80,-46.177471282923875
80,1,1,0,90,-57.28047959218233
80,1,1,0,100,-76.02077456652464
80,1,1,1,10,-203.68853523565124
80,1,1,1,20,-161.33053688932245
80,1,1,1,30,-126.60982520807755
80,1,1,1,40,-99.52640019191654
80,1,1,1,50,-80.0802618408394
80,1,1,1,60,-68.27141015484617
80,1,1,1,70,-64.09984513393675
80,1,1,1,80,-67.5655667781113
80,1,1,1,90,-78.66857508736976
80,1,1,1,100,-97.40887006171201
90,0,0,0,10,-63.85153023388847
90,0,0,0,20,-21.49353188755967
90,0,0,0,30,13.227179793685224
90,0,0,0,40,40.31060480984624
90,0,0,0,50,59.75674316092338
90,0,0,0,60,71.56559484691664
90,0,0,0,70,75.73715986782602
90,0,0,0,80,72.27143822365147
90,0,0,0,90,61.168429914393045
90,0,0,0,100,42.428134940050796
90,0,0,1,10,-85.23962572907587
90,0,0,1,20,-42.88162738274707
90,0,0,1,30,-8.160915701502176
90,0,0,1,40,18.922509314658868
90,0,0,1,50,38.36864766573595
90,0,0,1,60,50.17749935172927
90,0,0,1,70,54.34906437263854
90,0,0,1,80,50.8833427284641
90,0,0,1,90,39.78033441920567
90,0,0,1,100,21.040039444863424
90,0,1,0,10,-120.46048068554984
90,0,1,0,20,-78.10248233922104
90,0,1,0,30,-43.38177065797615
90,0,1,0,40,-16.298345641815132
90,0,1,0,50,3.1477927092620064
90,0,1,0,60,14.956644395255267
90,0,1,0,70,19.128209416164623
90,0,1,0,80,15.66248777199013
90,0,1,0,90,4.559479462731673
90,0,1,0,100,-14.180815511610575
90,0,1,1,10,-141.8485761807372
90,0,1,1,20,-99.49057783440843
90,0,1,1,30,-64.76986615316352
90,0,1,1,40,-37.686441137002504
90,0,1,1,50,-18.240302785925365
90,0,1,1,60,-6.431451099932104
90,0,1,1,70,-2.259886079022749
90,0,1,1,80,-5.725607723197243
90,0,1,1,90,-16.8286160324557
90,0,1,1,100,-35.56891100679795
90,1,0,0,10,-147.6453359925364
90,1,0,0,20,-105.28733764620762
90,1,0,0,30,-70.5666259649627
90,1,0,0,40,-43.48320094880168
90,1,0,0,50,-24.037062597724542
90,1,0,0,60,-12.228210911731281
90,1,0,0,70,-8.056645890821926
90,1,0,0,80,-11.52236753499642
90,1,0,0,90,-22.625375844254876
90,1,0,0,100,-41.36567081859718
90,1,0,1,10,-169.0334314877238
90,1,0,1,20,-126.675433141395
90,1,0,1,30,-91.9547214601501
90,1,0,1,40,-64.87129644398908
90,1,0,1,50,-45.42515809291197
90,1,0,1,60,-33.61630640691871
90,1,0,1,70,-29.444741386009355
90,1,0,1,80,-32.91046303018385
90,1,0,1,90,-44.013471339442304
90,1,0,1,100,-62.75376631378455
90,1,1,0,10,-204.25428644419776
90,1,1,0,20,-161.896288097869
90,1,1,0,30,-127.17557641662407
90,1,1,0,40,-100.09215140046305
90,1,1,0,50,-80.64601304938591
90,1,1,0,60,-68.83716136339265
90,1,1,0,70,-64.6655963424833
90,1,1,0,80,-68.13131798665779
90,1,1,0,90,-79.23432629591625
90,1,1,0,100,-97.9746212702585
90,1,1,1,10,-225.64238193938516
90,1,1,1,20,-183.28438359305636
90,1,1,1,30,-148.56367191181147
90,1,1,1,40,-121.48024689565045
90,1,1,1,50,-102.03410854457331
90,1,1,1,60,-90.22525685858008
90,1,1,1,70,-86.05369183767067
90,1,1,1,80,-89.51941348184522
90,1,1,1,90,-100.62242179110368
90,1,1,1,100,-119.36271676544592
100,0,0,0,10,-94.17125056381667
100,0,0,0,20,-51.81325221748787
100,0,0,0,30,-17.09254053624298
100,0,0,0,40,9.990884479918037
100,0,0,0,50,29.437022830995176
100,0,0,0,60,41.24587451698844
100,0,0,0,70,45.417439537897764
100,0,0,0,80,41.95171789372333
100,0,0,0,90,30.8487095844649
100,0,0,0,100,12.108414610122537
100,0,0,1,10,-115.55934605900407
100,0,0,1,20,-73.20134771267527
100,0,0,1,30,-38.48063603143038
100,0,0,1,40,-11.397211015269335
100,0,0,1,50,8.048927335807804
100,0,0,1,60,19.857779021801065
100,0,0,1,70,24.02934404271042
100,0,0,1,80,20.563622398535927
100,0,0,1,90,9.460614089277414
100,0,0,1,100,-9.279680885064835
100,0,1,0,10,-150.78020101547804
100,0,1,0,20,-108.42220266914926
100,0,1,0,30,-73.70149098790435
100,0,1,0,40,-46.618065971743334
100,0,1,0,50,-27.171927620666196
100,0,1,0,60,-15.363075934672935
100,0,1,0,70,-11.19151091376358
100,0,1,0,80,-14.657232557938073
100,0,1,0,90,-25.76024086719653
100,0,1,0,100,-44.50053584153872
100,0,1,1,10,-172.1682965106654
100,0,1,1,20,-129.81029816433664
100,0,1,1,30,-95.08958648309172
100,0,1,1,40,-68.0061614669307
100,0,1,1,50,-48.56002311585357
100,0,1,1,60,-36.75117142986031
100,0,1,1,70,-32.57960640895095
100,0,1,1,80,-36.045328053125445
100,0,1,1,90,-47.1483363623839
100,0,1,1,100,-65.8886313367262
100,1,0,0,10,-177.9650563224646
100,1,0,0,20,-135.60705797613582
100,1,0,0,30,-100.8863462948909
100,1,0,0,40,-73.80292127872988
100,1,0,0,50,-54.356782927652745
100,1,0,0,60,-42.547931241659484
100,1,0,0,70,-38.37636622075013
100,1,0,0,80,-41.84208786492462
100,1,0,0,90,-52.94509617418308
100,1,0,0,100,-71.68539114852533
100,1,0,1,10,-199.353151817652
100,1,0,1,20,-156.9951534713232
100,1,0,1,30,-122.2744417900783
100,1,0,1,40,-95.19101677391728
100,1,0,1,50,-75.74487842284015
100,1,0,1,60,-63.93602673684691
100,1,0,1,70,-59.76446171593756
100,1,0,1,80,-63.23018336011205
100,1,0,1,90,-74.3331916693705
100,1,0,1,100,-93.07348664371276
100,1,1,0,10,-234.57400677412596
100,1,1,0,20,-192.2160084277972
100,1,1,0,30,-157.49529674655227
100,1,1,0,40,-130.41187173039125
100,1,1,0,50,-110.96573337931412
100,1,1,0,60,-99.15688169332086
100,1,1,0,70,-94.9853166724115
100,1,1,0,80,-98.451038316586
100,1,1,0,90,-109.55404662584445
100,1,1,0,100,-128.2943416001867
100,1,1,1,10,-255.96210226931336
100,1,1,1,20,-213.60410392298456
100,1,1,1,30,-178.88339224173967
100,1,1,1,40,-151.79996722557865
100,1,1,1,50,-132.35382887450152
100,1,1,1,60,-120.54497718850826
100,1,1,1,70,-116.37341216759893
100,1,1,1,80,-119.83913381177337
100,1,1,1,90,-130.94214212103182
100,1,1,1,100,-149.68243709537407
