0,0,0,0,10,-426.10955419511214
0,0,0,0,20,-318.7520691640949
0,0,0,0,30,-230.75308021446136
0,0,0,0,40,-162.1125873462115
0,0,0,0,50,-112.83059055934541
0,0,0,0,60,-82.90708985386283
0,0,0,0,70,-72.34208522976411
0,0,0,0,80,-81.13557668704891
0,0,0,0,90,-109.28756422571757
0,0,0,0,100,-156.79804784576993
0,0,0,1,10,-485.33560635467376
0,0,0,1,20,-377.9781213236565
0,0,0,1,30,-289.979132374023
0,0,0,1,40,-221.33863950577313
0,0,0,1,50,-172.05664271890703
0,0,0,1,60,-142.13314201342445
0,0,0,1,70,-131.56813738932573
0,0,0,1,80,-140.36162884661042
0,0,0,1,90,-168.51361638527908
0,0,0,1,100,-216.02410000533143
0,0,1,0,10,-581.2476923285037
0,0,1,0,20,-473.8902072974864
0,0,1,0,30,-385.8912183478529
0,0,1,0,40,-317.25072547960303
0,0,1,0,50,-267.96872869273693
0,0,1,0,60,-238.04522798725435
0,0,1,0,70,-227.48022336315563
0,0,1,0,80,-236.27371482044043
0,0,1,0,90,-264.4257023591091
0,0,1,0,100,-311.93618597916145
0,0,1,1,10,-640.4737444880652
0,0,1,1,20,-533.116259457048
0,0,1,1,30,-445.1172705074145
0,0,1,1,40,-376.47677763916465
0,0,1,1,50,-327.19478085229855
0,0,1,1,60,-297.27128014681597
0,0,1,1,70,-286.70627552271725
0,0,1,1,80,-295.49976698000205
0,0,1,1,90,-323.6517545186707
0,0,1,1,100,-371.16223813872296
0,1,0,0,10,-652.6813339823447
0,1,0,0,20,-545.3238489513274
0,1,0,0,30,-457.3248600016938
0,1,0,0,40,-388.68436713344397
0,1,0,0,50,-339.40237034657787
0,1,0,0,60,-309.4788696410953
0,1,0,0,70,-298.91386501699657
0,1,0,0,80,-307.70735647428137
0,1,0,0,90,-335.85934401295003
0,1,0,0,100,-383.3698276330025
0,1,0,1,10,-711.9073861419063
0,1,0,1,20,-604.549901110889
0,1,0,1,30,-516.5509121612554
0,1,0,1,40,-447.9104192930056
0,1,0,1,50,-398.6284225061395
0,1,0,1,60,-368.7049218006569
0,1,0,1,70,-358.1399171765582
0,1,0,1,80,-366.933408633843
0,1,0,1,90,-395.08539617251165
0,1,0,1,100,-442.595879792564
0,1,1,0,10,-807.8194721157361
0,1,1,0,20,-700.4619870847189
0,1,1,0,30,-612.4629981350853
0,1,1,0,40,-543.8225052668355
0,1,1,0,50,-494.5405084799694
0,1,1,0,60,-464.6170077744868
0,1,1,0,70,-454.0520031503881
0,1,1,0,80,-462.8454946076729
0,1,1,0,90,-490.99748214634155
0,1,1,0,100,-538.5079657663939
0,1,1,1,10,-867.0455242752978
0,1,1,1,20,-759.6880392442805
0,1,1,1,30,-671.6890502946469
0,1,1,1,40,-603.0485574263971
0,1,1,1,50,-553.766560639531
0,1,1,1,60,-523.8430599340484
0,1,1,1,70,-513.2780553099497
0,1,1,1,80,-522.0715467672345
0,1,1,1,90,-550.2235343059032
0,1,1,1,100,-597.7340179259555
10,0,0,0,10,-306.6725853130723
10,0,0,0,20,-199.31510028205508
10,0,0,0,30,-111.31611133242154
10,0,0,0,40,-42.675618464171635
10,0,0,0,50,6.606378322694468
10,0,0,0,60,36.52987902817699
10,0,0,0,70,47.09488365227571
10,0,0,0,80,38.301392194990854
10,0,0,0,90,10.14940465632219
10,0,0,0,100,-37.361078963730165
10,0,0,1,10,-365.89863747263394
10,0,0,1,20,-258.54115244161665
10,0,0,1,30,-170.54216349198316
10,0,0,1,40,-101.90167062373325
10,0,0,1,50,-52.61967383686715
10,0,0,1,60,-22.696173131384512
10,0,0,1,70,-12.131168507285793
10,0,0,1,80,-20.92465996457065
10,0,0,1,90,-49.076647503239315
10,0,0,1,100,-96.58713112329167
10,0,1,0,10,-461.81072344646384
10,0,1,0,20,-354.4532384154466
10,0,1,0,30,-266.45424946581306
10,0,1,0,40,-197.81375659756316
10,0,1,0,50,-148.53175981069705
10,0,1,0,60,-118.60825910521447
10,0,1,0,70,-108.04325448111575
10,0,1,0,80,-116.83674593840067
10,0,1,0,90,-144.98873347706933
10,0,1,0,100,-192.4992170971217
10,0,1,1,10,-521.0367756060255
10,0,1,1,20,-413.67929057500817
10,0,1,1,30,-325.6803016253747
10,0,1,1,40,-257.0398087571248
10,0,1,1,50,-207.75781197025867
10,0,1,1,60,-177.8343112647761
10,0,1,1,70,-167.26930664067737
10,0,1,1,80,-176.06279809796217
10,0,1,1,90,-204.21478563663084
10,0,1,1,100,-251.7252692566832
10,1,0,0,10,-533.2443651003048
10,1,0,0,20,-425.88688006928754
10,1,0,0,30,-337.887891119654
10,1,0,0,40,-269.2473982514041
10,1,0,0,50,-219.9654014645381
10,1,0,0,60,-190.04190075905552
10,1,0,0,70,-179.4768961349568
10,1,0,0,80,-188.2703875922416
10,1,0,0,90,-216.42237513091015
10,1,0,0,100,-263.9328587509625
10,1,0,1,10,-592.4704172598664
10,1,0,1,20,-485.11293222884916
10,1,0,1,30,-397.1139432792156
10,1,0,1,40,-328.4734504109657
10,1,0,1,50,-279.1914536240997
10,1,0,1,60,-249.26795291861703
10,1,0,1,70,-238.7029482945183
10,1,0,1,80,-247.49643975180322
10,1,0,1,90,-275.6484272904719
10,1,0,1,100,-323.15891091052424
10,1,1,0,10,-688.3825032336963
10,1,1,0,20,-581.025018202679
10,1,1,0,30,-493.0260292530455
10,1,1,0,40,-424.3855363847956
10,1,1,0,50,-375.1035395979295
10,1,1,0,60,-345.18003889244704
10,1,1,0,70,-334.6150342683483
10,1,1,0,80,-343.408525725633
10,1,1,0,90,-371.5605132643017
10,1,1,0,100,-419.07099688435403
10,1,1,1,10,-747.6085553932579
10,1,1,1,20,-640.2510703622406
10,1,1,1,30,-552.2520814126071
10,1,1,1,40,-483.61158854435723
10,1,1,1,50,-434.32959175749113
10,1,1,1,60,-404.4060910520086
10,1,1,1,70,-393.84108642790983
10,1,1,1,80,-402.63457788519474
10,1,1,1,90,-430.7865654238634
10,1,1,1,100,-478.29704904391576
20,0,0,0,10,-209.85552704818963
20,0,0,0,20,-102.4980420171724
20,0,0,0,30,-14.499053067538853
20,0,0,0,40,54.14143980071094
20,0,0,0,50,103.42343658757704
20,0,0,0,60,133.34693729305968
20,0,0,0,70,143.9119419171584
20,0,0,0,80,135.11845045987354
20,0,0,0,90,106.96646292120488
20,0,0,0,100,59.455979301152524
20,0,0,1,10,-269.08157920775125
20,0,0,1,20,-161.724094176734
20,0,0,1,30,-73.72510522710047
20,0,0,1,40,-5.084612358850563
20,0,0,1,50,44.19738442801554
20,0,0,1,60,74.12088513349795
20,0,0,1,70,84.68588975759667
20,0,0,1,80,75.89239830031204
20,0,0,1,90,47.740410761643375
20,0,0,1,100,0.2299271415910198
20,0,1,0,10,-364.99366518158115
20,0,1,0,20,-257.6361801505639
20,0,1,0,30,-169.63719120093037
20,0,1,0,40,-100.99669833268058
20,0,1,0,50,-51.71470154581448
20,0,1,0,60,-21.79120084033184
20,0,1,0,70,-11.22619621623312
20,0,1,0,80,-20.01968767351798
20,0,1,0,90,-48.17167521218664
20,0,1,0,100,-95.682158832239
20,0,1,1,10,-424.21971734114277
20,0,1,1,20,-316.86223231012553
20,0,1,1,30,-228.863243360492
20,0,1,1,40,-160.22275049224208
20,0,1,1,50,-110.94075370537598
20,0,1,1,60,-81.0172529998934
20,0,1,1,70,-70.45224837579468
20,0,1,1,80,-79.24573983307948
20,0,1,1,90,-107.39772737174815
20,0,1,1,100,-154.9082109918005
20,1,0,0,10,-436.4273068354221
20,1,0,0,20,-329.0698218044049
20,1,0,0,30,-241.0708328547713
20,1,0,0,40,-172.43033998652152
20,1,0,0,50,-123.14834319965541
20,1,0,0,60,-93.22484249417283
20,1,0,0,70,-82.65983787007411
20,1,0,0,80,-91.4533293273588
20,1,0,0,90,-119.60531686602747
20,1,0,0,100,-167.11580048607982
20,1,0,1,10,-495.6533589949837
20,1,0,1,20,-388.29587396396647
20,1,0,1,30,-300.29688501433293
20,1,0,1,40,-231.65639214608302
20,1,0,1,50,-182.37439535921703
20,1,0,1,60,-152.45089465373445
20,1,0,1,70,-141.88589002963573
20,1,0,1,80,-150.67938148692053
20,1,0,1,90,-178.8313690255892
20,1,0,1,100,-226.34185264564155
20,1,1,0,10,-591.5654449688136
20,1,1,0,20,-484.20795993779643
20,1,1,0,30,-396.20897098816283
20,1,1,0,40,-327.56847811991304
20,1,1,0,50,-278.28648133304694
20,1,1,0,60,-248.36298062756435
20,1,1,0,70,-237.79797600346564
20,1,1,0,80,-246.59146746075044
20,1,1,0,90,-274.743454999419
20,1,1,0,100,-322.25393861947134
20,1,1,1,10,-650.7914971283752
20,1,1,1,20,-543.4340120973579
20,1,1,1,30,-455.43502314772445
20,1,1,1,40,-386.79453027947454
20,1,1,1,50,-337.51253349260844
20,1,1,1,60,-307.58903278712586
20,1,1,1,70,-297.02402816302714
20,1,1,1,80,-305.81751962031205
20,1,1,1,90,-333.9695071589807
20,1,1,1,100,-381.4799907790331
30,0,0,0,10,-135.65837940046413
30,0,0,0,20,-28.30089436944695
30,0,0,0,30,59.69809458018665
30,0,0,0,40,128.33858744843656
30,0,0,0,50,177.62058423530266
30,0,0,0,60,207.54408494078507
30,0,0,0,70,218.1090895648838
30,0,0,0,80,209.31559810759916
30,0,0,0,90,181.1636105689305
30,0,0,0,100,133.65312694887814
30,0,0,1,10,-194.88443156002575
30,0,0,1,20,-87.52694652900851
30,0,0,1,30,0.47204242062503
30,0,0,1,40,69.11253528887482
30,0,0,1,50,118.39453207574093
30,0,0,1,60,148.31803278122356
30,0,0,1,70,158.88303740532228
30,0,0,1,80,150.08954594803743
30,0,0,1,90,121.93755840936876
30,0,0,1,100,74.4270747893164
30,0,1,0,10,-290.79651753385565
30,0,1,0,20,-183.43903250283842
30,0,1,0,30,-95.44004355320487
30,0,1,0,40,-26.799550684954966
30,0,1,0,50,22.482446101911137
30,0,1,0,60,52.40594680739355
30,0,1,0,70,62.97095143149227
30,0,1,0,80,54.177459974207636
30,0,1,0,90,26.025472435538973
30,0,1,0,100,-21.485011184513382
30,0,1,1,10,-350.02256969341727
30,0,1,1,20,-242.66508466240003
30,0,1,1,30,-154.6660957127665
30,0,1,1,40,-86.02560284451658
30,0,1,1,50,-36.74360605765048
30,0,1,1,60,-6.820105352167957
30,0,1,1,70,3.7448992719307626
30,0,1,1,80,-5.048592185354096
30,0,1,1,90,-33.20057972402276
30,0,1,1,100,-80.71106334407511
30,1,0,0,10,-362.2301591876966
30,1,0,0,20,-254.8726741566794
30,1,0,0,30,-166.8736852070458
30,1,0,0,40,-98.23319233879602
30,1,0,0,50,-48.951195551929914
30,1,0,0,60,-19.027694846447275
30,1,0,0,70,-8.462690222348556
30,1,0,0,80,-17.256181679633414
30,1,0,0,90,-45.40816921830208
30,1,0,0,100,-92.91865283835443
30,1,0,1,10,-421.4562113472582
30,1,0,1,20,-314.09872631624097
30,1,0,1,30,-226.09973736660743
30,1,0,1,40,-157.45924449835763
30,1,0,1,50,-108.17724771149153
30,1,0,1,60,-78.25374700600895
30,1,0,1,70,-67.68874238191023
30,1,0,1,80,-76.48223383919492
30,1,0,1,90,-104.63422137786358
30,1,0,1,100,-152.14470499791594
30,1,1,0,10,-517.3682973210881
30,1,1,0,20,-410.01081229007093
30,1,1,0,30,-322.01182334043733
30,1,1,0,40,-253.37133047218754
30,1,1,0,50,-204.08933368532144
30,1,1,0,60,-174.16583297983885
30,1,1,0,70,-163.60082835574013
30,1,1,0,80,-172.39431981302494
30,1,1,0,90,-200.5463073516936
30,1,1,0,100,-248.05679097174595
30,1,1,1,10,-576.5943494806497
30,1,1,1,20,-469.2368644496325
30,1,1,1,30,-381.23787549999895
30,1,1,1,40,-312.59738263174904
30,1,1,1,50,-263.31538584488294
30,1,1,1,60,-233.39188513940047
30,1,1,1,70,-222.82688051530175
30,1,1,1,80,-231.62037197258644
30,1,1,1,90,-259.7723595112551
30,1,1,1,100,-307.28284313130746
40,0,0,0,10,-84.08114236989576
40,0,0,0,20,23.276342661121475
40,0,0,0,30,111.27533161075507
40,0,0,0,40,179.91582447900487
40,0,0,0,50,229.19782126587097
40,0,0,0,60,259.1213219713534
40,0,0,0,70,269.6863265954521
40,0,0,0,80,260.89283513816747
40,0,0,0,90,232.7408475994988
40,0,0,0,100,185.23036397944645
40,0,0,1,10,-143.30719452945738
40,0,0,1,20,-35.94970949844014
40,0,0,1,30,52.04927945119334
40,0,0,1,40,120.68977231944325
40,0,0,1,50,169.97176910630935
40,0,0,1,60,199.89526981179188
40,0,0,1,70,210.4602744358906
40,0,0,1,80,201.66678297860597
40,0,0,1,90,173.5147954399373
40,0,0,1,100,126.00431181988495
40,0,1,0,10,-239.21928050328728
40,0,1,0,20,-131.86179547227005
40,0,1,0,30,-43.86280652263645
40,0,1,0,40,24.777686345613347
40,0,1,0,50,74.05968313247945
40,0,1,0,60,103.98318383796209
40,0,1,0,70,114.5481884620608
40,0,1,0,80,105.75469700477595
40,0,1,0,90,77.60270946610729
40,0,1,0,100,30.09222584605493
40,0,1,1,10,-298.4453326628489
40,0,1,1,20,-191.08784763183166
40,0,1,1,30,-103.08885868219807
40,0,1,1,40,-34.44836581394827
40,0,1,1,50,14.833630972917831
40,0,1,1,60,44.757131678400356
40,0,1,1,70,55.322136302499075
40,0,1,1,80,46.528644845214444
40,0,1,1,90,18.37665730654578
40,0,1,1,100,-29.133826313506574
40,1,0,0,10,-310.6529221571283
40,1,0,0,20,-203.29543712611098
40,1,0,0,30,-115.2964481764775
40,1,0,0,40,-46.65595530822759
40,1,0,0,50,2.6260414786385127
40,1,0,0,60,32.54954218412104
40,1,0,0,70,43.11454680821976
40,1,0,0,80,34.3210553509349
40,1,0,0,90,6.169067812266235
40,1,0,0,100,-41.34141580778612
40,1,0,1,10,-369.87897431668983
40,1,0,1,20,-262.5214892856726
40,1,0,1,30,-174.52250033603906
40,1,0,1,40,-105.88200746778921
40,1,0,1,50,-56.600010680923106
40,1,0,1,60,-26.676509975440467
40,1,0,1,70,-16.111505351341748
40,1,0,1,80,-24.904996808626606
40,1,0,1,90,-53.05698434729527
40,1,0,1,100,-100.56746796734762
40,1,1,0,10,-465.7910602905198
40,1,1,0,20,-358.4335752595025
40,1,1,0,30,-270.434586309869
40,1,1,0,40,-201.7940934416191
40,1,1,0,50,-152.512096654753
40,1,1,0,60,-122.58859594927043
40,1,1,0,70,-112.02359132517171
40,1,1,0,80,-120.81708278245662
40,1,1,0,90,-148.9690703211253
40,1,1,0,100,-196.47955394117764
40,1,1,1,10,-525.0171124500814
40,1,1,1,20,-417.6596274190641
40,1,1,1,30,-329.6606384694306
40,1,1,1,40,-261.02014560118073
40,1,1,1,50,-211.73814881431463
40,1,1,1,60,-181.81464810883205
40,1,1,1,70,-171.24964348473333
40,1,1,1,80,-180.04313494201813
40,1,1,1,90,-208.1951224806868
40,1,1,1,100,-255.70560610073915
50,0,0,0,10,-55.12381595648458
50,0,0,0,20,52.2336690745326
50,0,0,0,30,140.2326580241662
50,0,0,0,40,208.8731508924161
50,0,0,0,50,258.1551476792822
50,0,0,0,60,288.0786483847646
50,0,0,0,70,298.64365300886334
50,0,0,0,80,289.8501615515787
50,0,0,0,90,261.69817401291004
50,0,0,0,100,214.1876903928577
50,0,0,1,10,-114.3498681160462
50,0,0,1,20,-6.992383085028905
50,0,0,1,30,81.00660586460458
50,0,0,1,40,149.64709873285437
50,0,0,1,50,198.92909551972048
50,0,0,1,60,228.85259622520311
50,0,0,1,70,239.41760084930183
50,0,0,1,80,230.62410939201698
50,0,0,1,90,202.4721218533483
50,0,0,1,100,154.96163823329596
50,0,1,0,10,-210.2619540898761
50,0,1,0,20,-102.90446905885887
50,0,1,0,30,-14.905480109225323
50,0,1,0,40,53.735012759024585
50,0,1,0,50,103.01700954589069
50,0,1,0,60,132.9405102513731
50,0,1,0,70,143.50551487547182
50,0,1,0,80,134.7120234181872
50,0,1,0,90,106.56003587951852
50,0,1,0,100,59.04955225946617
50,0,1,1,10,-269.4880062494377
50,0,1,1,20,-162.13052121842048
50,0,1,1,30,-74.13153226878694
50,0,1,1,40,-5.491039400537147
50,0,1,1,50,43.790957386328955
50,0,1,1,60,73.7144580918116
50,0,1,1,70,84.27946271591031
50,0,1,1,80,75.48597125862545
50,0,1,1,90,47.33398371995679
50,0,1,1,100,-0.17649990009556404
