50,1,0,0,10,-281.69559574371704
50,1,0,0,20,-174.33811071269986
50,1,0,0,30,-86.33912176306626
50,1,0,0,40,-17.698628894816466
50,1,0,0,50,31.583367892049637
50,1,0,0,60,61.506868597532275
50,1,0,0,70,72.071873221631
50,1,0,0,80,63.278381764346136
50,1,0,0,90,35.12639422567747
50,1,0,0,100,-12.384089394374882
50,1,0,1,10,-340.92164790327865
50,1,0,1,20,-233.56416287226142
50,1,0,1,30,-145.56517392262788
50,1,0,1,40,-76.92468105437808
50,1,0,1,50,-27.64268426751198
50,1,0,1,60,2.280816437970543
50,1,0,1,70,12.845821062069263
50,1,0,1,80,4.052329604784632
50,1,0,1,90,-24.099657933884032
50,1,0,1,100,-71.61014155393639
50,1,1,0,10,-436.83373387710856
50,1,1,0,20,-329.4762488460914
50,1,1,0,30,-241.47725989645778
50,1,1,0,40,-172.836767028208
50,1,1,0,50,-123.55477024134188
50,1,1,0,60,-93.6312695358593
50,1,1,0,70,-83.06626491176058
50,1,1,0,80,-91.85975636904539
50,1,1,0,90,-120.01174390771405
50,1,1,0,100,-167.5222275277664
50,1,1,1,10,-496.0597860366702
50,1,1,1,20,-388.70230100565294
50,1,1,1,30,-300.7033120560194
50,1,1,1,40,-232.0628191877695
50,1,1,1,50,-182.7808224009035
50,1,1,1,60,-152.85732169542092
50,1,1,1,70,-142.2923170713222
50,1,1,1,80,-151.085808528607
50,1,1,1,90,-179.23779606727555
50,1,1,1,100,-226.7482796873279
60,0,0,0,10,-48.78640016023064
60,0,0,0,20,58.57108487078665
60,0,0,0,30,146.57007382042025
60,0,0,0,40,215.21056668867004
60,0,0,0,50,264.49256347553614
60,0,0,0,60,294.4160641810188
60,0,0,0,70,304.9810688051175
60,0,0,0,80,296.18757734783264
60,0,0,0,90,268.035589809164
60,0,0,0,100,220.52510618911163
60,0,0,1,10,-108.0124523197922
60,0,0,1,20,-0.6549672887749693
60,0,0,1,30,87.34402166085852
60,0,0,1,40,155.98451452910842
60,0,0,1,50,205.26651131597453
60,0,0,1,60,235.19001202145705
60,0,0,1,70,245.75501664555577
60,0,0,1,80,236.9615251882709
60,0,0,1,90,208.80953764960225
60,0,0,1,100,161.2990540295499
60,0,1,0,10,-203.9245382936221
60,0,1,0,20,-96.56705326260487
60,0,1,0,30,-8.568064312971273
60,0,1,0,40,60.07242855527852
60,0,1,0,50,109.35442534214462
60,0,1,0,60,139.27792604762703
60,0,1,0,70,149.84293067172575
60,0,1,0,80,141.04943921444112
60,0,1,0,90,112.89745167577246
60,0,1,0,100,65.3869680557201
60,0,1,1,10,-263.1505904531837
60,0,1,1,20,-155.7931054221665
60,0,1,1,30,-67.794116472533
60,0,1,1,40,0.8463763957169022
60,0,1,1,50,50.128373182583005
60,0,1,1,60,80.05187388806553
60,0,1,1,70,90.61687851216425
60,0,1,1,80,81.82338705487962
60,0,1,1,90,53.671399516210954
60,0,1,1,100,6.160915896158599
60,1,0,0,10,-275.3581799474631
60,1,0,0,20,-168.0006949164458
60,1,0,0,30,-80.00170596681232
60,1,0,0,40,-11.361213098562416
60,1,0,0,50,37.920783688303686
60,1,0,0,60,67.84428439378621
60,1,0,0,70,78.40928901788493
60,1,0,0,80,69.61579756060007
60,1,0,0,90,41.46381002193141
60,1,0,0,100,-6.046673598120947
60,1,0,1,10,-334.58423210702466
60,1,0,1,20,-227.22674707600743
60,1,0,1,30,-139.22775812637389
60,1,0,1,40,-70.58726525812403
60,1,0,1,50,-21.305268471257932
60,1,0,1,60,8.618232234224706
60,1,0,1,70,19.1832368583232
60,1,0,1,80,10.389745401038567
60,1,0,1,90,-17.762242137630096
60,1,0,1,100,-65.27272575768245
60,1,1,0,10,-430.4963180808546
60,1,1,0,20,-323.13883304983733
60,1,1,0,30,-235.13984410020385
60,1,1,0,40,-166.49935123195394
60,1,1,0,50,-117.21735444508784
60,1,1,0,60,-87.29385373960525
60,1,1,0,70,-76.72884911550653
60,1,1,0,80,-85.52234057279145
60,1,1,0,90,-113.67432811146011
60,1,1,0,100,-161.18481173151247
60,1,1,1,10,-489.7223702404162
60,1,1,1,20,-382.36488520939895
60,1,1,1,30,-294.3658962597654
60,1,1,1,40,-225.72540339151556
60,1,1,1,50,-176.44340660464945
60,1,1,1,60,-146.51990589916687
60,1,1,1,70,-135.95490127506815
60,1,1,1,80,-144.74839273235295
60,1,1,1,90,-172.90038027102162
60,1,1,1,100,-220.41086389107397
70,0,0,0,10,-65.06889498113372
70,0,0,0,20,42.28859004988351
70,0,0,0,30,130.2875789995171
70,0,0,0,40,198.9280718677669
70,0,0,0,50,248.210068654633
70,0,0,0,60,278.13356936011564
70,0,0,0,70,288.69857398421436
70,0,0,0,80,279.9050825269295
70,0,0,0,90,251.75309498826084
70,0,0,0,100,204.2426113682085
70,0,0,1,10,-124.29494714069534
70,0,0,1,20,-16.93746210967811
70,0,0,1,30,71.06152683995538
70,0,0,1,40,139.70201970820528
70,0,0,1,50,188.9840164950714
70,0,0,1,60,218.9075172005539
70,0,0,1,70,229.47252182465263
70,0,0,1,80,220.67903036736777
70,0,0,1,90,192.5270428286991
70,0,0,1,100,145.01655920864675
70,0,1,0,10,-220.20703311452525
70,0,1,0,20,-112.84954808350801
70,0,1,0,30,-24.850559133874413
70,0,1,0,40,43.78993373437538
70,0,1,0,50,93.07193052124148
70,0,1,0,60,122.9954312267239
70,0,1,0,70,133.5604358508226
70,0,1,0,80,124.76694439353798
70,0,1,0,90,96.61495685486932
70,0,1,0,100,49.104473234816965
70,0,1,1,10,-279.43308527408686
70,0,1,1,20,-172.07560024306963
70,0,1,1,30,-84.07661129343614
70,0,1,1,40,-15.436118425186237
70,0,1,1,50,33.845878361679866
70,0,1,1,60,63.76937906716239
70,0,1,1,70,74.33438369126111
70,0,1,1,80,65.54089223397648
70,0,1,1,90,37.388904695307815
70,0,1,1,100,-10.12157892474454
70,1,0,0,10,-291.64067476836624
70,1,0,0,20,-184.28318973734895
70,1,0,0,30,-96.28420078771546
70,1,0,0,40,-27.643707919465555
70,1,0,0,50,21.638288867400547
70,1,0,0,60,51.56178957288307
70,1,0,0,70,62.12679419698179
70,1,0,0,80,53.33330273969693
70,1,0,0,90,25.18131520102827
70,1,0,0,100,-22.329168419024086
70,1,0,1,10,-350.8667269279278
70,1,0,1,20,-243.50924189691057
70,1,0,1,30,-155.51025294727702
70,1,0,1,40,-86.86976007902717
70,1,0,1,50,-37.58776329216107
70,1,0,1,60,-7.664262586678433
70,1,0,1,70,2.900742037420059
70,1,0,1,80,-5.892749419864572
70,1,0,1,90,-34.044736958533235
70,1,0,1,100,-81.55522057858559
70,1,1,0,10,-446.77881290175776
70,1,1,0,20,-339.42132787074047
70,1,1,0,30,-251.42233892110698
70,1,1,0,40,-182.78184605285708
70,1,1,0,50,-133.49984926599097
70,1,1,0,60,-103.57634856050839
70,1,1,0,70,-93.01134393640967
70,1,1,0,80,-101.80483539369459
70,1,1,0,90,-129.95682293236325
70,1,1,0,100,-177.4673065524156
70,1,1,1,10,-506.0048650613193
70,1,1,1,20,-398.6473800303021
70,1,1,1,30,-310.64839108066855
70,1,1,1,40,-242.0078982124187
70,1,1,1,50,-192.7259014255526
70,1,1,1,60,-162.80240072007
70,1,1,1,70,-152.2373960959713
70,1,1,1,80,-161.0308875532561
70,1,1,1,90,-189.18287509192476
70,1,1,1,100,-236.6933587119771
80,0,0,0,10,-103.97130041919405
80,0,0,0,20,3.3861846118231824
80,0,0,0,30,91.38517356145667
80,0,0,0,40,160.02566642970658
80,0,0,0,50,209.30766321657268
80,0,0,0,60,239.2311639220552
80,0,0,0,70,249.79616854615392
80,0,0,0,80,241.0026770888693
80,0,0,0,90,212.85068955020063
80,0,0,0,100,165.34020593014827
80,0,0,1,10,-163.19735257875567
80,0,0,1,20,-55.839867547738436
80,0,0,1,30,32.15912140189516
80,0,0,1,40,100.79961427014496
80,0,0,1,50,150.08161105701106
80,0,0,1,60,180.0051117624937
80,0,0,1,70,190.57011638659242
80,0,0,1,80,181.77662492930756
80,0,0,1,90,153.6246373906389
80,0,0,1,100,106.11415377058654
80,0,1,0,10,-259.1094385525856
80,0,1,0,20,-151.75195352156834
80,0,1,0,30,-63.752964571934854
80,0,1,0,40,4.887528296315054
80,0,1,0,50,54.169525083181156
80,0,1,0,60,84.09302578866368
80,0,1,0,70,94.6580304127624
80,0,1,0,80,85.86453895547754
80,0,1,0,90,57.71255141680888
80,0,1,0,100,10.202067796756523
80,0,1,1,10,-318.3354907121472
80,0,1,1,20,-210.97800568112996
80,0,1,1,30,-122.97901673149636
80,0,1,1,40,-54.338523863246564
80,0,1,1,50,-5.056527076380462
80,0,1,1,60,24.866973629102176
80,0,1,1,70,35.431978253200896
80,0,1,1,80,26.638486795916037
80,0,1,1,90,-1.5135007427526261
80,0,1,1,100,-49.02398436280498
80,1,0,0,10,-330.54308020642657
80,1,0,0,20,-223.18559517540928
80,1,0,0,30,-135.1866062257758
80,1,0,0,40,-66.54611335752588
80,1,0,0,50,-17.26411657065978
80,1,0,0,60,12.659384134822858
80,1,0,0,70,23.22438875892135
80,1,0,0,80,14.430897301636719
80,1,0,0,90,-13.721090237031945
80,1,0,0,100,-61.2315738570843
80,1,0,1,10,-389.7691323659881
80,1,0,1,20,-282.4116473349709
80,1,0,1,30,-194.41265838533735
80,1,0,1,40,-125.7721655170875
80,1,0,1,50,-76.4901687302214
80,1,0,1,60,-46.56666802473882
80,1,0,1,70,-36.001663400640155
80,1,0,1,80,-44.79515485792501
80,1,0,1,90,-72.94714239659368
80,1,0,1,100,-120.45762601664603
80,1,1,0,10,-485.6812183398181
80,1,1,0,20,-378.3237333088008
80,1,1,0,30,-290.3247443591673
80,1,1,0,40,-221.6842514909174
80,1,1,0,50,-172.4022547040513
80,1,1,0,60,-142.47875399856872
80,1,1,0,70,-131.91374937447
80,1,1,0,80,-140.7072408317548
80,1,1,0,90,-168.85922837042347
80,1,1,0,100,-216.36971199047582
80,1,1,1,10,-544.9072704993797
80,1,1,1,20,-437.5497854683624
80,1,1,1,30,-349.5507965187289
80,1,1,1,40,-280.910303650479
80,1,1,1,50,-231.62830686361292
80,1,1,1,60,-201.70480615813034
80,1,1,1,70,-191.13980153403162
80,1,1,1,80,-199.93329299131642
80,1,1,1,90,-228.0852805299852
80,1,1,1,100,-275.59576415003755
90,0,0,0,10,-165.49361647441134
90,0,0,0,20,-58.136131443394106
90,0,0,0,30,29.86285750623938
90,0,0,0,40,98.50335037448929
90,0,0,0,50,147.7853471613554
90,0,0,0,60,177.7088478668379
90,0,0,0,70,188.27385249093663
90,0,0,0,80,179.480361033652
90,0,0,0,90,151.32837349498334
90,0,0,0,100,103.81788987493098
90,0,0,1,10,-224.71966863397296
90,0,0,1,20,-117.36218360295572
90,0,0,1,30,-29.363194653322125
90,0,0,1,40,39.27729821492767
90,0,0,1,50,88.55929500179377
90,0,0,1,60,118.48279570727641
90,0,0,1,70,129.04780033137513
90,0,0,1,80,120.25430887409027
90,0,0,1,90,92.1023213354216
90,0,0,1,100,44.59183771536925
90,0,1,0,10,-320.63175460780286
90,0,1,0,20,-213.27426957678563
90,0,1,0,30,-125.27528062715214
90,0,1,0,40,-56.634787758902235
90,0,1,0,50,-7.352790972036132
90,0,1,0,60,22.570709733446392
90,0,1,0,70,33.13571435754511
90,0,1,0,80,24.342222900260253
90,0,1,0,90,-3.80976463840841
90,0,1,0,100,-51.320248258460765
90,0,1,1,10,-379.8578067673645
90,0,1,1,20,-272.50032173634725
90,0,1,1,30,-184.5013327867137
90,0,1,1,40,-115.86083991846385
90,0,1,1,50,-66.57884313159775
90,0,1,1,60,-36.65534242611511
90,0,1,1,70,-26.090337802016393
90,0,1,1,80,-34.88382925930125
90,0,1,1,90,-63.035816797969915
90,0,1,1,100,-110.54630041802227
90,1,0,0,10,-392.06539626164385
90,1,0,0,20,-284.70791123062656
90,1,0,0,30,-196.70892228099308
90,1,0,0,40,-128.06842941274317
90,1,0,0,50,-78.78643262587707
90,1,0,0,60,-48.86293192039449
90,1,0,0,70,-38.29792729629571
90,1,0,0,80,-47.09141875358057
90,1,0,0,90,-75.24340629224923
90,1,0,0,100,-122.75388991230159
90,1,0,1,10,-451.2914484212054
90,1,0,1,20,-343.9339633901882
90,1,0,1,30,-255.93497444055464
90,1,0,1,40,-187.2944815723048
90,1,0,1,50,-138.0124847854387
90,1,0,1,60,-108.0889840799561
90,1,0,1,70,-97.52397945585739
90,1,0,1,80,-106.3174709131423
90,1,0,1,90,-134.46945845181097
90,1,0,1,100,-181.97994207186332
90,1,1,0,10,-547.2035343950354
90,1,1,0,20,-439.8460493640181
90,1,1,0,30,-351.8470604143846
90,1,1,0,40,-283.2065675461347
90,1,1,0,50,-233.9245707592686
90,1,1,0,60,-204.001070053786
90,1,1,0,70,-193.4360654296873
90,1,1,0,80,-202.2295568869721
90,1,1,0,90,-230.38154442564075
90,1,1,0,100,-277.8920280456931
90,1,1,1,10,-606.4295865545969
90,1,1,1,20,-499.0721015235797
90,1,1,1,30,-411.07311257394616
90,1,1,1,40,-342.4326197056963
90,1,1,1,50,-293.1506229188302
90,1,1,1,60,-263.2271222133476
90,1,1,1,70,-252.6621175892489
90,1,1,1,80,-261.4556090465337
90,1,1,1,90,-289.60759658520226
90,1,1,1,100,-337.1180802052546
100,0,0,0,10,-249.63584314678604
100,0,0,0,20,-142.2783581157688
100,0,0,0,30,-54.27936916613521
100,0,0,0,40,14.361123702114583
100,0,0,0,50,63.643120488980685
100,0,0,0,60,93.56662119446332
100,0,0,0,70,104.13162581856204
100,0,0,0,80,95.33813436127718
100,0,0,0,90,67.18614682260852
100,0,0,0,100,19.675663202556166
100,0,0,1,10,-308.86189530634766
100,0,0,1,20,-201.50441027533043
100,0,0,1,30,-113.50542132569683
100,0,0,1,40,-44.864928457447036
100,0,0,1,50,4.417068329419067
100,0,0,1,60,34.34056903490159
100,0,0,1,70,44.90557365900031
100,0,0,1,80,36.11208220171568
100,0,0,1,90,7.960094663047016
100,0,0,1,100,-39.55038895700534
100,0,1,0,10,-404.77398128017757
100,0,1,0,20,-297.41649624916033
100,0,1,0,30,-209.4175072995268
100,0,1,0,40,-140.77701443127694
100,0,1,0,50,-91.49501764441084
100,0,1,0,60,-61.571516938928255
100,0,1,0,70,-51.006512314829536
100,0,1,0,80,-59.80000377211434
100,0,1,0,90,-87.951991310783
100,0,1,0,100,-135.46247493083536
100,0,1,1,10,-464.0000334397392
100,0,1,1,20,-356.64254840872195
100,0,1,1,30,-268.6435594590884
100,0,1,1,40,-200.00306659083856
100,0,1,1,50,-150.72106980397245
100,0,1,1,60,-120.79756909848987
100,0,1,1,70,-110.23256447439115
100,0,1,1,80,-119.02605593167584
100,0,1,1,90,-147.1780434703445
100,0,1,1,100,-194.68852709039686
100,1,0,0,10,-476.20762293401856
100,1,0,0,20,-368.85013790300127
100,1,0,0,30,-280.8511489533678
100,1,0,0,40,-212.21065608511788
100,1,0,0,50,-162.92865929825177
100,1,0,0,60,-133.0051585927692
100,1,0,0,70,-122.44015396867047
100,1,0,0,80,-131.2336454259554
100,1,0,0,90,-159.38563296462405
100,1,0,0,100,-206.8961165846764
100,1,0,1,10,-535.4336750935802
100,1,0,1,20,-428.0761900625629
100,1,0,1,30,-340.07720111292934
100,1,0,1,40,-271.4367082446795
100,1,0,1,50,-222.1547114578134
100,1,0,1,60,-192.2312107523308
100,1,0,1,70,-181.6662061282321
100,1,0,1,80,-190.4596975855169
100,1,0,1,90,-218.61168512418556
100,1,0,1,100,-266.1221687442379
100,1,1,0,10,-631.3457610674101
100,1,1,0,20,-523.9882760363928
100,1,1,0,30,-435.98928708675925
100,1,1,0,40,-367.3487942185094
100,1,1,0,50,-318.0667974316433
100,1,1,0,60,-288.1432967261607
100,1,1,0,70,-277.578292102062
100,1,1,0,80,-286.3717835593468
100,1,1,0,90,-314.52377109801546
100,1,1,0,100,-362.0342547180679
100,1,1,1,10,-690.5718132269717
100,1,1,1,20,-583.2143281959544
100,1,1,1,30,-495.21533924632087
100,1,1,1,40,-426.574846378071
100,1,1,1,50,-377.2928495912049
100,1,1,1,60,-347.36934888572233
100,1,1,1,70,-336.8043442616236
100,1,1,1,80,-345.5978357189084
100,1,1,1,90,-373.7498232575771
100,1,1,1,100,-421.26030687762943
