0,0,0,0,10,-4173.045154089881
0,0,0,0,20,-3093.493766783128
0,0,0,0,30,-2214.121344808315
0,0,0,0,40,-1534.9278881654418
0,0,0,0,50,-1055.9133968545075
0,0,0,0,60,-777.077870875516
0,0,0,0,70,-698.4213102284621
0,0,0,0,80,-819.94371491335
0,0,0,0,90,-1141.6450849301764
0,0,0,0,100,-1663.5254202789429
0,0,0,1,10,-4717.431918767424
0,0,0,1,20,-3637.88053146067
0,0,0,1,30,-2758.508109485857
0,0,0,1,40,-2079.3146528429834
0,0,0,1,50,-1600.300161532049
0,0,0,1,60,-1321.4646355530576
0,0,0,1,70,-1242.8080749060036
0,0,0,1,80,-1364.3304795908916
0,0,0,1,90,-1686.031849607718
0,0,0,1,100,-2207.9121849564845
0,0,1,0,10,-5666.240531104576
0,0,1,0,20,-4586.689143797823
0,0,1,0,30,-3707.3167218230096
0,0,1,0,40,-3028.1232651801365
0,0,1,0,50,-2549.108773869202
0,0,1,0,60,-2270.2732478902103
0,0,1,0,70,-2191.616687243157
0,0,1,0,80,-2313.139091928044
0,0,1,0,90,-2634.84046194487
0,0,1,0,100,-3156.7207972936367
0,0,1,1,10,-6210.627295782118
0,0,1,1,20,-5131.0759084753645
0,0,1,1,30,-4251.703486500552
0,0,1,1,40,-3572.510029857678
0,0,1,1,50,-3093.495538546744
0,0,1,1,60,-2814.660012567752
0,0,1,1,70,-2736.0034519206984
0,0,1,1,80,-2857.5258566055873
0,0,1,1,90,-3179.2272266224136
0,0,1,1,100,-3701.10756197118
0,1,0,0,10,-6368.315208791036
0,1,0,0,20,-5288.763821484282
0,1,0,0,30,-4409.391399509469
0,1,0,0,40,-3730.1979428665954
0,1,0,0,50,-3251.183451555661
0,1,0,0,60,-2972.3479255766692
0,1,0,0,70,-2893.6913649296157
0,1,0,0,80,-3015.2137696145037
0,1,0,0,90,-3336.91513963133
0,1,0,0,100,-3858.7954749800965
0,1,0,1,10,-6912.701973468578
0,1,0,1,20,-5833.150586161824
0,1,0,1,30,-4953.778164187011
0,1,0,1,40,-4274.584707544138
0,1,0,1,50,-3795.5702162332036
0,1,0,1,60,-3516.7346902542117
0,1,0,1,70,-3438.078129607158
0,1,0,1,80,-3559.6005342920453
0,1,0,1,90,-3881.3019043088716
0,1,0,1,100,-4403.182239657638
0,1,1,0,10,-7861.51058580573
0,1,1,0,20,-6781.959198498977
0,1,1,0,30,-5902.586776524163
0,1,1,0,40,-5223.39331988129
0,1,1,0,50,-4744.378828570356
0,1,1,0,60,-4465.543302591364
0,1,1,0,70,-4386.88674194431
0,1,1,0,80,-4508.409146629198
0,1,1,0,90,-4830.110516646026
0,1,1,0,100,-5351.990851994792
0,1,1,1,10,-8405.897350483272
0,1,1,1,20,-7326.345963176519
0,1,1,1,30,-6446.973541201705
0,1,1,1,40,-5767.780084558833
0,1,1,1,50,-5288.765593247898
0,1,1,1,60,-5009.930067268906
0,1,1,1,70,-4931.273506621853
0,1,1,1,80,-5052.795911306741
0,1,1,1,90,-5374.497281323567
0,1,1,1,100,-5896.377616672334
10,0,0,0,10,-3007.971904795458
10,0,0,0,20,-1928.4205174887047
10,0,0,0,30,-1049.048095513891
10,0,0,0,40,-369.8546388710183
10,0,0,0,50,109.159852439916
10,0,0,0,60,387.9953784189065
10,0,0,0,70,466.6519390659605
10,0,0,0,80,345.1295343810725
10,0,0,0,90,23.428164364246186
10,0,0,0,100,-498.4521709845203
10,0,0,1,10,-3552.358669473
10,0,0,1,20,-2472.807282166247
10,0,0,1,30,-1593.434860191434
10,0,0,1,40,-914.2414035485608
10,0,0,1,50,-435.2269122376265
10,0,0,1,60,-156.39138625863507
10,0,0,1,70,-77.73482561158107
10,0,0,1,80,-199.25723029646906
10,0,0,1,90,-520.9586003132954
10,0,0,1,100,-1042.8389356620619
10,0,1,0,10,-4501.167281810152
10,0,1,0,20,-3421.6158945033994
10,0,1,0,30,-2542.243472528586
10,0,1,0,40,-1863.050015885713
10,0,1,0,50,-1384.0355245747787
10,0,1,0,60,-1105.1999985957873
10,0,1,0,70,-1026.5434379487333
10,0,1,0,80,-1148.0658426336213
10,0,1,0,90,-1469.7672126504476
10,0,1,0,100,-1991.647547999214
10,0,1,1,10,-5045.554046487695
10,0,1,1,20,-3966.0026591809415
10,0,1,1,30,-3086.630237206128
10,0,1,1,40,-2407.4367805632546
10,0,1,1,50,-1928.4222892523203
10,0,1,1,60,-1649.5867632733284
10,0,1,1,70,-1570.9302026262749
10,0,1,1,80,-1692.4526073111629
10,0,1,1,90,-2014.1539773279892
10,0,1,1,100,-2536.0343126767557
10,1,0,0,10,-5203.241959496612
10,1,0,0,20,-4123.690572189859
10,1,0,0,30,-3244.318150215046
10,1,0,0,40,-2565.124693572173
10,1,0,0,50,-2086.1102022612386
10,1,0,0,60,-1807.2746762822467
10,1,0,0,70,-1728.6181156351931
10,1,0,0,80,-1850.1405203200811
10,1,0,0,90,-2171.8418903369075
10,1,0,0,100,-2693.722225685674
10,1,0,1,10,-5747.628724174155
10,1,0,1,20,-4668.077336867401
10,1,0,1,30,-3788.7049148925876
10,1,0,1,40,-3109.5114582497145
10,1,0,1,50,-2630.49696693878
10,1,0,1,60,-2351.6614409597883
10,1,0,1,70,-2273.0048803127347
10,1,0,1,80,-2394.5272849976227
10,1,0,1,90,-2716.228655014449
10,1,0,1,100,-3238.1089903632155
10,1,1,0,10,-6696.437336511307
10,1,1,0,20,-5616.885949204553
10,1,1,0,30,-4737.51352722974
10,1,1,0,40,-4058.3200705868667
10,1,1,0,50,-3579.3055792759324
10,1,1,0,60,-3300.4700532969405
10,1,1,0,70,-3221.813492649887
10,1,1,0,80,-3343.335897334775
10,1,1,0,90,-3665.0372673516013
10,1,1,0,100,-4186.917602700368
10,1,1,1,10,-7240.824101188849
10,1,1,1,20,-6161.272713882096
10,1,1,1,30,-5281.900291907282
10,1,1,1,40,-4602.706835264409
10,1,1,1,50,-4123.692343953475
10,1,1,1,60,-3844.856817974483
10,1,1,1,70,-3766.2002573274294
10,1,1,1,80,-3887.7226620123174
10,1,1,1,90,-4209.424032029143
10,1,1,1,100,-4731.304367377909
20,0,0,0,10,-2060.7378244658626
20,0,0,0,20,-981.1864371591091
20,0,0,0,30,-101.81401518429539
20,0,0,0,40,577.3794414585773
20,0,0,0,50,1056.3939327695107
20,0,0,0,60,1335.229458748504
20,0,0,0,70,1413.886019395558
20,0,0,0,80,1292.3636147106681
20,0,0,0,90,970.6622446938418
20,0,0,0,100,448.7819093450753
20,0,0,1,10,-2605.1245891434046
20,0,0,1,20,-1525.5732018366516
20,0,0,1,30,-646.200779861837
20,0,0,1,40,32.99267678103479
20,0,0,1,50,512.0071680919691
20,0,0,1,60,790.8426940709605
20,0,0,1,70,869.4992547180145
20,0,0,1,80,747.9768500331265
20,0,0,1,90,426.2754800163002
20,0,0,1,100,-95.60485533246629
20,0,1,0,10,-3553.933201480557
20,0,1,0,20,-2474.381814173804
20,0,1,0,30,-1595.0093921989906
20,0,1,0,40,-915.8159355561174
20,0,1,0,50,-436.8014442451831
20,0,1,0,60,-157.9659182661917
20,0,1,0,70,-79.3093576191377
20,0,1,0,80,-200.8317623040257
20,0,1,0,90,-522.533132320852
20,0,1,0,100,-1044.4134676696185
20,0,1,1,10,-4098.319966158099
20,0,1,1,20,-3018.7685788513454
20,0,1,1,30,-2139.396156876532
20,0,1,1,40,-1460.202700233659
20,0,1,1,50,-981.1882089227247
20,0,1,1,60,-702.3526829437333
20,0,1,1,70,-623.6961222966793
20,0,1,1,80,-745.2185269815673
20,0,1,1,90,-1066.9198969983936
20,0,1,1,100,-1588.80023234716
20,1,0,0,10,-4256.007879167017
20,1,0,0,20,-3176.456491860263
20,1,0,0,30,-2297.08406988545
20,1,0,0,40,-1617.8906132425773
20,1,0,0,50,-1138.876121931643
20,1,0,0,60,-860.0405959526515
20,1,0,0,70,-781.3840353055975
20,1,0,0,80,-902.9064399904855
20,1,0,0,90,-1224.6078100073119
20,1,0,0,100,-1746.4881453560783
20,1,0,1,10,-4800.394643844558
20,1,0,1,20,-3720.8432565378052
20,1,0,1,30,-2841.470834562992
20,1,0,1,40,-2162.277377920119
20,1,0,1,50,-1683.2628866091845
20,1,0,1,60,-1404.4273606301927
20,1,0,1,70,-1325.770799983139
20,1,0,1,80,-1447.293204668027
20,1,0,1,90,-1768.9945746848534
20,1,0,1,100,-2290.87491003362
20,1,1,0,10,-5749.203256181711
20,1,1,0,20,-4669.6518688749575
20,1,1,0,30,-3790.279446900144
20,1,1,0,40,-3111.085990257271
20,1,1,0,50,-2632.0714989463368
20,1,1,0,60,-2353.235972967345
20,1,1,0,70,-2274.5794123202913
20,1,1,0,80,-2396.1018170051793
20,1,1,0,90,-2717.8031870220057
20,1,1,0,100,-3239.683522370772
20,1,1,1,10,-6293.590020859254
20,1,1,1,20,-5214.0386335525
20,1,1,1,30,-4334.666211577687
20,1,1,1,40,-3655.4727549348136
20,1,1,1,50,-3176.4582636238792
20,1,1,1,60,-2897.6227376448874
20,1,1,1,70,-2818.966176997834
20,1,1,1,80,-2940.488581682721
20,1,1,1,90,-3262.1899516995472
20,1,1,1,100,-3784.0702870483137
30,0,0,0,10,-1331.3429131010935
30,0,0,0,20,-251.7915257943414
30,0,0,0,30,627.5808961804732
30,0,0,0,40,1306.774352823345
30,0,0,0,50,1785.7888441342793
30,0,0,0,60,2064.6243701132707
30,0,0,0,70,2143.2809307603247
30,0,0,0,80,2021.7585260754367
30,0,0,0,90,1700.0571560586104
30,0,0,0,100,1178.176820709844
30,0,0,1,10,-1875.7296777786364
30,0,0,1,20,-796.178290471883
30,0,0,1,30,83.19413150293076
30,0,0,1,40,762.3875881458034
30,0,0,1,50,1241.4020794567377
30,0,0,1,60,1520.2376054357292
30,0,0,1,70,1598.8941660827832
30,0,0,1,80,1477.3717613978952
30,0,0,1,90,1155.6703913810688
30,0,0,1,100,633.7900560323023
30,0,1,0,10,-2824.5382901157886
30,0,1,0,20,-1744.9869028090352
30,0,1,0,30,-865.6144808342215
30,0,1,0,40,-186.4210241913488
30,0,1,0,50,292.5934671195855
30,0,1,0,60,571.4289930985769
30,0,1,0,70,650.0855537456309
30,0,1,0,80,528.563149060743
30,0,1,0,90,206.8617790439166
30,0,1,0,100,-315.0185563048499
30,0,1,1,10,-3368.925054793331
30,0,1,1,20,-2289.3736674865777
30,0,1,1,30,-1410.0012455117644
30,0,1,1,40,-730.8077888688913
30,0,1,1,50,-251.79329755795698
30,0,1,1,60,27.04222842103536
30,0,1,1,70,105.69878906808935
30,0,1,1,80,-15.823615616798634
30,0,1,1,90,-337.52498563362496
30,0,1,1,100,-859.4053209823915
30,1,0,0,10,-3526.6129678022485
30,1,0,0,20,-2447.061580495495
30,1,0,0,30,-1567.6891585206818
30,1,0,0,40,-888.4957018778086
30,1,0,0,50,-409.4812105668743
30,1,0,0,60,-130.6456845878829
30,1,0,0,70,-51.989123940828904
30,1,0,0,80,-173.5115286257169
30,1,0,0,90,-495.2128986425432
30,1,0,0,100,-1017.0932339913097
30,1,0,1,10,-4070.9997324797905
30,1,0,1,20,-2991.448345173037
30,1,0,1,30,-2112.0759231982242
30,1,0,1,40,-1432.8824665553502
30,1,0,1,50,-953.8679752444159
30,1,0,1,60,-675.0324492654245
30,1,0,1,70,-596.3758886183705
30,1,0,1,80,-717.8982933032585
30,1,0,1,90,-1039.5996633200848
30,1,0,1,100,-1561.4799986688513
30,1,1,0,10,-5019.808344816943
30,1,1,0,20,-3940.2569575101897
30,1,1,0,30,-3060.8845355353765
30,1,1,0,40,-2381.6910788925034
30,1,1,0,50,-1902.676587581569
30,1,1,0,60,-1623.8410616025772
30,1,1,0,70,-1545.1845009555227
30,1,1,0,80,-1666.7069056404107
30,1,1,0,90,-1988.408275657237
30,1,1,0,100,-2510.2886110060035
30,1,1,1,10,-5564.195109494485
30,1,1,1,20,-4484.643722187731
30,1,1,1,30,-3605.271300212918
30,1,1,1,40,-2926.077843570045
30,1,1,1,50,-2447.0633522591106
30,1,1,1,60,-2168.2278262801187
30,1,1,1,70,-2089.571265633066
30,1,1,1,80,-2211.093670317954
30,1,1,1,90,-2532.7950403347804
30,1,1,1,100,-3054.675375683547
40,0,0,0,10,-819.7871707011536
40,0,0,0,20,259.76421660560027
40,0,0,0,30,1139.136638580413
40,0,0,0,40,1818.3300952232867
40,0,0,0,50,2297.344586534221
40,0,0,0,60,2576.1801125132124
40,0,0,0,70,2654.8366731602664
40,0,0,0,80,2533.3142684753784
40,0,0,0,90,2211.612898458552
40,0,0,0,100,1689.7325631097856
40,0,0,1,10,-1364.1739353786957
40,0,0,1,20,-284.6225480719422
40,0,0,1,30,594.7498739028715
40,0,0,1,40,1273.9433305457433
40,0,0,1,50,1752.9578218566776
40,0,0,1,60,2031.7933478356708
40,0,0,1,70,2110.449908482725
40,0,0,1,80,1988.927503797835
40,0,0,1,90,1667.2261337810087
40,0,0,1,100,1145.3457984322422
40,0,1,0,10,-2312.982547715848
40,0,1,0,20,-1233.4311604090944
40,0,1,0,30,-354.0587384342807
40,0,1,0,40,325.13471820859195
40,0,1,0,50,804.1492095195254
40,0,1,0,60,1082.9847354985168
40,0,1,0,70,1161.6412961455708
40,0,1,0,80,1040.1188914606828
40,0,1,0,90,718.4175214438565
40,0,1,0,100,196.53718609508996
40,0,1,1,10,-2857.3693123933904
40,0,1,1,20,-1777.817925086637
40,0,1,1,30,-898.4455031118232
40,0,1,1,40,-219.25204646895054
40,0,1,1,50,259.7624448419838
40,0,1,1,60,538.5979708209752
40,0,1,1,70,617.2545314680292
40,0,1,1,80,495.7321267831412
40,0,1,1,90,174.03075676631488
40,0,1,1,100,-347.8495785824516
40,1,0,0,10,-3015.0572254023077
40,1,0,0,20,-1935.5058380955543
40,1,0,0,30,-1056.1334161207405
40,1,0,0,40,-376.9399594778679
40,1,0,0,50,102.07453183306643
40,1,0,0,60,380.91005781205877
40,1,0,0,70,459.56661845911276
40,1,0,0,80,338.04421377422295
40,1,0,0,90,16.342843757396622
40,1,0,0,100,-505.53749159136987
40,1,0,1,10,-3559.4439900798498
40,1,0,1,20,-2479.8926027730963
40,1,0,1,30,-1600.5201807982826
40,1,0,1,40,-921.3267241554104
40,1,0,1,50,-442.31223284447606
40,1,0,1,60,-163.47670686548463
40,1,0,1,70,-84.82014621843064
40,1,0,1,80,-206.34255090331862
40,1,0,1,90,-528.043920920145
40,1,0,1,100,-1049.9242562689114
40,1,1,0,10,-4508.252602417002
40,1,1,0,20,-3428.701215110249
40,1,1,0,30,-2549.3287931354357
40,1,1,0,40,-1870.1353364925626
40,1,1,0,50,-1391.1208451816283
40,1,1,0,60,-1112.2853192026369
40,1,1,0,70,-1033.6287585555829
40,1,1,0,80,-1155.1511632404709
40,1,1,0,90,-1476.8525332572972
40,1,1,0,100,-1998.7328686060637
40,1,1,1,10,-5052.6393670945445
40,1,1,1,20,-3973.0879797877906
40,1,1,1,30,-3093.7155578129773
40,1,1,1,40,-2414.522101170104
40,1,1,1,50,-1935.5076098591699
40,1,1,1,60,-1656.672083880178
40,1,1,1,70,-1578.0155232331244
40,1,1,1,80,-1699.5379279180124
40,1,1,1,90,-2021.2392979348388
40,1,1,1,100,-2543.1196332836053
50,0,0,0,10,-526.0705972660398
50,0,0,0,20,553.4807900407131
50,0,0,0,30,1432.8532120155269
50,0,0,0,40,2112.0466686583995
50,0,0,0,50,2591.061159969334
50,0,0,0,60,2869.8966859483253
50,0,0,0,70,2948.5532465953793
50,0,0,0,80,2827.030841910492
50,0,0,0,90,2505.329471893665
50,0,0,0,100,1983.4491365449003
50,0,0,1,10,-1070.4573619435823
50,0,0,1,20,9.094025363171568
50,0,0,1,30,888.4664473379844
50,0,0,1,40,1567.659903980858
50,0,0,1,50,2046.6743952917923
50,0,0,1,60,2325.5099212707837
50,0,0,1,70,2404.1664819178377
50,0,0,1,80,2282.6440772329497
50,0,0,1,90,1960.9427072161234
50,0,0,1,100,1439.062371867357
50,0,1,0,10,-2019.265974280735
50,0,1,0,20,-939.7145869739816
50,0,1,0,30,-60.342164999167835
50,0,1,0,40,618.8512916437048
50,0,1,0,50,1097.8657829546382
50,0,1,0,60,1376.7013089336315
50,0,1,0,70,1455.3578695806855
50,0,1,0,80,1333.8354648957957
50,0,1,0,90,1012.1340948789693
50,0,1,0,100,490.25375953020284
50,0,1,1,10,-2563.652738958277
50,0,1,1,20,-1484.101351651524
50,0,1,1,30,-604.7289296767094
50,0,1,1,40,74.46452696616234
50,0,1,1,50,553.4790182770967
50,0,1,1,60,832.3145442560881
50,0,1,1,70,910.9711049031421
50,0,1,1,80,789.4487002182541
50,0,1,1,90,467.74733020142776
50,0,1,1,100,-54.133005147338736
