50,1,0,0,10,-2721.3406519671944
50,1,0,0,20,-1641.7892646604405
50,1,0,0,30,-762.4168426856277
50,1,0,0,40,-83.2233860427541
50,1,0,0,50,395.7911052681802
50,1,0,0,60,674.6266312471716
50,1,0,0,70,753.2831918942256
50,1,0,0,80,631.7607872093376
50,1,0,0,90,310.0594171925113
50,1,0,0,100,-211.82091815625517
50,1,0,1,10,-3265.7274166447364
50,1,0,1,20,-2186.176029337983
50,1,0,1,30,-1306.8036073631692
50,1,0,1,40,-627.6101507202966
50,1,0,1,50,-148.59565940936227
50,1,0,1,60,130.23986656963007
50,1,0,1,70,208.89642721668406
50,1,0,1,80,87.37402253179425
50,1,0,1,90,-234.32734748503208
50,1,0,1,100,-756.2076828337986
50,1,1,0,10,-4214.536028981889
50,1,1,0,20,-3134.984641675135
50,1,1,0,30,-2255.612219700322
50,1,1,0,40,-1576.4187630574488
50,1,1,0,50,-1097.4042717465145
50,1,1,0,60,-818.568745767524
50,1,1,0,70,-739.91218512047
50,1,1,0,80,-861.434589805358
50,1,1,0,90,-1183.1359598221843
50,1,1,0,100,-1705.0162951709508
50,1,1,1,10,-4758.922793659431
50,1,1,1,20,-3679.3714063526777
50,1,1,1,30,-2799.9989843778644
50,1,1,1,40,-2120.8055277349913
50,1,1,1,50,-1641.791036424057
50,1,1,1,60,-1362.955510445065
50,1,1,1,70,-1284.2989497980116
50,1,1,1,80,-1405.8213544828996
50,1,1,1,90,-1727.5227244997259
50,1,1,1,100,-2249.4030598484924
60,0,0,0,10,-450.19319279575484
60,0,0,0,20,629.358194510999
60,0,0,0,30,1508.7306164858119
60,0,0,0,40,2187.9240731286854
60,0,0,0,50,2666.9385644396198
60,0,0,0,60,2945.774090418611
60,0,0,0,70,3024.430651065665
60,0,0,0,80,2902.9082463807763
60,0,0,0,90,2581.206876363951
60,0,0,0,100,2059.3265410151844
60,0,0,1,10,-994.5799574732964
60,0,0,1,20,84.97142983345657
60,0,0,1,30,964.3438518082703
60,0,0,1,40,1643.537308451142
60,0,0,1,50,2122.5517997620764
60,0,0,1,60,2401.3873257410696
60,0,0,1,70,2480.0438863881236
60,0,0,1,80,2358.521481703234
60,0,0,1,90,2036.8201116864075
60,0,0,1,100,1514.939776337641
60,0,1,0,10,-1943.388569810449
60,0,1,0,20,-863.8371825036957
60,0,1,0,30,15.535239471118075
60,0,1,0,40,694.7286961139907
60,0,1,0,50,1173.743187424926
60,0,1,0,60,1452.5787134039156
60,0,1,0,70,1531.2352740509696
60,0,1,0,80,1409.7128693660834
60,0,1,0,90,1088.011499349257
60,0,1,0,100,566.1311640004906
60,0,1,1,10,-2487.775334487991
60,0,1,1,20,-1408.2239471812381
60,0,1,1,30,-528.8515252064235
60,0,1,1,40,150.34193143644825
60,0,1,1,50,629.3564227473826
60,0,1,1,60,908.191948726374
60,0,1,1,70,986.848509373428
60,0,1,1,80,865.32610468854
60,0,1,1,90,543.6247346717137
60,0,1,1,100,21.744399322947174
60,1,0,0,10,-2645.463247496909
60,1,0,0,20,-1565.9118601901555
60,1,0,0,30,-686.5394382153418
60,1,0,0,40,-7.3459815724691
60,1,0,0,50,471.6685097384643
60,1,0,0,60,750.5040357174576
60,1,0,0,70,829.1605963645115
60,1,0,0,80,707.6381916796217
60,1,0,0,90,385.9368216627954
60,1,0,0,100,-135.94351368597108
60,1,0,1,10,-3189.850012174451
60,1,0,1,20,-2110.2986248676975
60,1,0,1,30,-1230.9262028928833
60,1,0,1,40,-551.7327462500116
60,1,0,1,50,-72.71825493907727
60,1,0,1,60,206.11727103991416
60,1,0,1,70,284.77383168696815
60,1,0,1,80,163.25142700208016
60,1,0,1,90,-158.44994301474617
60,1,0,1,100,-680.3302783635127
60,1,1,0,10,-4138.658624511603
60,1,1,0,20,-3059.10723720485
60,1,1,0,30,-2179.734815230037
60,1,1,0,40,-1500.5413585871638
60,1,1,0,50,-1021.5268672762295
60,1,1,0,60,-742.6913412972381
60,1,1,0,70,-664.0347806501841
60,1,1,0,80,-785.5571853350721
60,1,1,0,90,-1107.2585553518984
60,1,1,0,100,-1629.138890700665
60,1,1,1,10,-4683.045389189146
60,1,1,1,20,-3603.494001882392
60,1,1,1,30,-2724.1215799075785
60,1,1,1,40,-2044.9281232647054
60,1,1,1,50,-1565.913631953771
60,1,1,1,60,-1287.0781059747796
60,1,1,1,70,-1208.4215453277257
60,1,1,1,80,-1329.9439500126136
60,1,1,1,90,-1651.64532002944
60,1,1,1,100,-2173.5256553782065
70,0,0,0,10,-592.154957290295
70,0,0,0,20,487.396430016458
70,0,0,0,30,1366.7688519912717
70,0,0,0,40,2045.9623086341444
70,0,0,0,50,2524.9767999450787
70,0,0,0,60,2803.81232592407
70,0,0,0,70,2882.468886571124
70,0,0,0,80,2760.946481886237
70,0,0,0,90,2439.24511186941
70,0,0,0,100,1917.3647765206415
70,0,0,1,10,-1136.5417219678375
70,0,0,1,20,-56.99033466108358
70,0,0,1,30,822.3820873137292
70,0,0,1,40,1501.5755439566028
70,0,0,1,50,1980.5900352675371
70,0,0,1,60,2259.4255612465286
70,0,0,1,70,2338.0821218935826
70,0,0,1,80,2216.5597172086946
70,0,0,1,90,1894.8583471918682
70,0,0,1,100,1372.9780118431017
70,0,1,0,10,-2085.35033430499
70,0,1,0,20,-1005.7989469982367
70,0,1,0,30,-126.42652502342298
70,0,1,0,40,552.7669316194497
70,0,1,0,50,1031.781422930383
70,0,1,0,60,1310.6169489093763
70,0,1,0,70,1389.2735095564303
70,0,1,0,80,1267.7511048715405
70,0,1,0,90,946.0497348547142
70,0,1,0,100,424.1693995059477
70,0,1,1,10,-2629.737098982532
70,0,1,1,20,-1550.1857116757792
70,0,1,1,30,-670.8132897009646
70,0,1,1,40,8.380166941907191
70,0,1,1,50,487.3946582528415
70,0,1,1,60,766.2301842318329
70,0,1,1,70,844.8867448788869
70,0,1,1,80,723.3643401939989
70,0,1,1,90,401.6629701771726
70,0,1,1,100,-120.21736517159388
70,1,0,0,10,-2787.4250119914495
70,1,0,0,20,-1707.8736246846956
70,1,0,0,30,-828.5012027098828
70,1,0,0,40,-149.30774606700925
70,1,0,0,50,329.70674524392507
70,1,0,0,60,608.5422712229165
70,1,0,0,70,687.1988318699705
70,1,0,0,80,565.6764271850825
70,1,0,0,90,243.97505716825617
70,1,0,0,100,-277.9052781805103
70,1,0,1,10,-3331.8117766689916
70,1,0,1,20,-2252.260389362238
70,1,0,1,30,-1372.8879673874249
70,1,0,1,40,-693.6945107445517
70,1,0,1,50,-214.68001943361742
70,1,0,1,60,64.15550654537492
70,1,0,1,70,142.8120671924289
70,1,0,1,80,21.289662507539106
70,1,0,1,90,-300.4117075092872
70,1,0,1,100,-822.2920428580537
70,1,1,0,10,-4280.620389006144
70,1,1,0,20,-3201.0690016993904
70,1,1,0,30,-2321.696579724577
70,1,1,0,40,-1642.503123081704
70,1,1,0,50,-1163.4886317707696
70,1,1,0,60,-884.6531057917773
70,1,1,0,70,-805.9965451447251
70,1,1,0,80,-927.5189498296131
70,1,1,0,90,-1249.2203198464395
70,1,1,0,100,-1771.100655195206
70,1,1,1,10,-4825.007153683686
70,1,1,1,20,-3745.455766376933
70,1,1,1,30,-2866.0833444021196
70,1,1,1,40,-2186.8898877592464
70,1,1,1,50,-1707.8753964483121
70,1,1,1,60,-1429.0398704693202
70,1,1,1,70,-1350.3833098222667
70,1,1,1,80,-1471.9057145071547
70,1,1,1,90,-1793.607084523981
70,1,1,1,100,-2315.4874198727475
80,0,0,0,10,-951.9558907496648
80,0,0,0,20,127.59549655708815
80,0,0,0,30,1006.9679185319019
80,0,0,0,40,1686.1613751747745
80,0,0,0,50,2165.175866485709
80,0,0,0,60,2444.0113924647003
80,0,0,0,70,2522.6679531117543
80,0,0,0,80,2401.1455484268663
80,0,0,0,90,2079.44417841004
80,0,0,0,100,1557.5638430612753
80,0,0,1,10,-1496.3426554272073
80,0,0,1,20,-416.7912681204534
80,0,0,1,30,462.5811538543594
80,0,0,1,40,1141.774610497233
80,0,0,1,50,1620.7891018081673
80,0,0,1,60,1899.6246277871587
80,0,0,1,70,1978.2811884342127
80,0,0,1,80,1856.7587837493247
80,0,0,1,90,1535.0574137324984
80,0,0,1,100,1013.1770783837319
80,0,1,0,10,-2445.15126776436
80,0,1,0,20,-1365.5998804576066
80,0,1,0,30,-486.2274584827928
80,0,1,0,40,192.96599816007983
80,0,1,0,50,671.9804894710151
80,0,1,0,60,950.8160154500065
80,0,1,0,70,1029.4725760970605
80,0,1,0,80,907.9501714121725
80,0,1,0,90,586.2488013953462
80,0,1,0,100,64.36846604657967
80,0,1,1,10,-2989.5380324419016
80,0,1,1,20,-1909.9866451351481
80,0,1,1,30,-1030.6142231603344
80,0,1,1,40,-351.42076651746174
80,0,1,1,50,127.59372479347257
80,0,1,1,60,406.4292507724631
80,0,1,1,70,485.0858114195171
80,0,1,1,80,363.5634067346291
80,0,1,1,90,41.862036717802766
80,0,1,1,100,-480.0182986309637
80,1,0,0,10,-3147.2259454508194
80,1,0,0,20,-2067.674558144066
80,1,0,0,30,-1188.3021361692527
80,1,0,0,40,-509.1086795263791
80,1,0,0,50,-30.094188215444774
80,1,0,0,60,248.74133776354665
80,1,0,0,70,327.39789841060065
80,1,0,0,80,205.87549372571266
80,1,0,0,90,-115.82587629111367
80,1,0,0,100,-637.7062116398802
80,1,0,1,10,-3691.6127101283614
80,1,0,1,20,-2612.061322821608
80,1,0,1,30,-1732.6889008467947
80,1,0,1,40,-1053.4954442039216
80,1,0,1,50,-574.4809528929873
80,1,0,1,60,-295.6454269139949
80,1,0,1,70,-216.98886626694093
80,1,0,1,80,-338.51127095183074
80,1,0,1,90,-660.2126409686571
80,1,0,1,100,-1182.0929763174236
80,1,1,0,10,-4640.421322465514
80,1,1,0,20,-3560.86993515876
80,1,1,0,30,-2681.497513183947
80,1,1,0,40,-2002.3040565410738
80,1,1,0,50,-1523.2895652301395
80,1,1,0,60,-1244.4540392511472
80,1,1,0,70,-1165.797478604095
80,1,1,0,80,-1287.319883288983
80,1,1,0,90,-1609.0212533058093
80,1,1,0,100,-2130.901588654576
80,1,1,1,10,-5184.808087143056
80,1,1,1,20,-4105.256699836303
80,1,1,1,30,-3225.8842778614894
80,1,1,1,40,-2546.6908212186163
80,1,1,1,50,-2067.676329907682
80,1,1,1,60,-1788.84080392869
80,1,1,1,70,-1710.1842432816366
80,1,1,1,80,-1831.7066479665245
80,1,1,1,90,-2153.408017983351
80,1,1,1,100,-2675.2883533321174
90,0,0,0,10,-1529.595993173862
90,0,0,0,20,-450.04460586710866
90,0,0,0,30,429.3278161077051
90,0,0,0,40,1108.5212727505777
90,0,0,0,50,1587.535764061512
90,0,0,0,60,1866.3712900405035
90,0,0,0,70,1945.0278506875575
90,0,0,0,80,1823.5054460026695
90,0,0,0,90,1501.8040759858432
90,0,0,0,100,979.9237406370748
90,0,0,1,10,-2073.982757851404
90,0,0,1,20,-994.4313705446502
90,0,0,1,30,-115.05894856983741
90,0,0,1,40,564.1345080730362
90,0,0,1,50,1043.1489993839705
90,0,0,1,60,1321.984525362962
90,0,0,1,70,1400.641086010016
90,0,0,1,80,1279.118681325128
90,0,0,1,90,957.4173113083016
90,0,0,1,100,435.5369759595351
90,0,1,0,10,-3022.791370188557
90,0,1,0,20,-1943.2399828818034
90,0,1,0,30,-1063.8675609069896
90,0,1,0,40,-384.674104264117
90,0,1,0,50,94.34038704681734
90,0,1,0,60,373.1759130258097
90,0,1,0,70,451.83247367286367
90,0,1,0,80,330.3100689879757
90,0,1,0,90,8.608698971149352
90,0,1,0,100,-513.2716363776171
90,0,1,1,10,-3567.178134866099
90,0,1,1,20,-2487.626747559345
90,0,1,1,30,-1608.2543255845317
90,0,1,1,40,-929.0608689416586
90,0,1,1,50,-450.04637763072424
90,0,1,1,60,-171.21085165173372
90,0,1,1,70,-92.55429100467973
90,0,1,1,80,-214.0766956895677
90,0,1,1,90,-535.778065706394
90,0,1,1,100,-1057.6584010551605
90,1,0,0,10,-3724.866047875016
90,1,0,0,20,-2645.3146605682628
90,1,0,0,30,-1765.94223859345
90,1,0,0,40,-1086.748781950576
90,1,0,0,50,-607.7342906396416
90,1,0,0,60,-328.89876466065016
90,1,0,0,70,-250.24220401359617
90,1,0,0,80,-371.76460869848415
90,1,0,0,90,-693.4659787153105
90,1,0,0,100,-1215.346314064077
90,1,0,1,10,-4269.252812552559
90,1,0,1,20,-3189.701425245805
90,1,0,1,30,-2310.3290032709915
90,1,0,1,40,-1631.1355466281184
90,1,0,1,50,-1152.121055317184
90,1,0,1,60,-873.2855293381917
90,1,0,1,70,-794.6289686911377
90,1,0,1,80,-916.1513733760275
90,1,0,1,90,-1237.8527433928539
90,1,0,1,100,-1759.7330787416204
90,1,1,0,10,-5218.061424889711
90,1,1,0,20,-4138.510037582957
90,1,1,0,30,-3259.1376156081437
90,1,1,0,40,-2579.9441589652706
90,1,1,0,50,-2100.9296676543363
90,1,1,0,60,-1822.0941416753444
90,1,1,0,70,-1743.4375810282918
90,1,1,0,80,-1864.9599857131798
90,1,1,0,90,-2186.661355730006
90,1,1,0,100,-2708.5416910787726
90,1,1,1,10,-5762.4481895672525
90,1,1,1,20,-4682.8968022604995
90,1,1,1,30,-3803.524380285686
90,1,1,1,40,-3124.330923642813
90,1,1,1,50,-2645.316432331879
90,1,1,1,60,-2366.480906352887
90,1,1,1,70,-2287.8243457058334
90,1,1,1,80,-2409.3467503907214
90,1,1,1,90,-2731.0481204075477
90,1,1,1,100,-3252.928455756314
100,0,0,0,10,-2325.075264562886
100,0,0,0,20,-1245.5238772561324
100,0,0,0,30,-366.1514552813187
100,0,0,0,40,313.04200136155396
100,0,0,0,50,792.0564926724883
100,0,0,0,60,1070.8920186514797
100,0,0,0,70,1149.5485792985337
100,0,0,0,80,1028.0261746136457
100,0,0,0,90,706.3248045968194
100,0,0,0,100,184.44446924805288
100,0,0,1,10,-2869.462029240428
100,0,0,1,20,-1789.9106419336745
100,0,0,1,30,-910.5382199588612
100,0,0,1,40,-231.34476331598762
100,0,0,1,50,247.6697279949467
100,0,0,1,60,526.5052539739381
100,0,0,1,70,605.1618146209921
100,0,0,1,80,483.63940993610413
100,0,0,1,90,161.9380399192778
100,0,0,1,100,-359.9422954294887
100,0,1,0,10,-3818.27064157758
100,0,1,0,20,-2738.719254270827
100,0,1,0,30,-1859.3468322960139
100,0,1,0,40,-1180.1533756531408
100,0,1,0,50,-701.1388843422064
100,0,1,0,60,-422.3033583632141
100,0,1,0,70,-343.6467977161601
100,0,1,0,80,-465.1692024010481
100,0,1,0,90,-786.8705724178744
100,0,1,0,100,-1308.750907766641
100,0,1,1,10,-4362.657406255123
100,0,1,1,20,-3283.1060189483687
100,0,1,1,30,-2403.7335969735554
100,0,1,1,40,-1724.5401403306823
100,0,1,1,50,-1245.525649019748
100,0,1,1,60,-966.6901230407557
100,0,1,1,70,-888.0335623937035
100,0,1,1,80,-1009.5559670785915
100,0,1,1,90,-1331.2573370954178
100,0,1,1,100,-1853.1376724441843
100,1,0,0,10,-4520.34531926404
100,1,0,0,20,-3440.7939319572865
100,1,0,0,30,-2561.4215099824733
100,1,0,0,40,-1882.2280533395997
100,1,0,0,50,-1403.2135620286654
100,1,0,0,60,-1124.378036049674
100,1,0,0,70,-1045.72147540262
100,1,0,0,80,-1167.243880087508
100,1,0,0,90,-1488.9452501043343
100,1,0,0,100,-2010.8255854531008
100,1,0,1,10,-5064.7320839415825
100,1,0,1,20,-3985.1806966348286
100,1,0,1,30,-3105.8082746600153
100,1,0,1,40,-2426.614818017142
100,1,0,1,50,-1947.6003267062079
100,1,0,1,60,-1668.764800727216
100,1,0,1,70,-1590.1082400801615
100,1,0,1,80,-1711.6306447650513
100,1,0,1,90,-2033.3320147818777
100,1,0,1,100,-2555.212350130644
100,1,1,0,10,-6013.540696278735
100,1,1,0,20,-4933.989308971981
100,1,1,0,30,-4054.6168869971675
100,1,1,0,40,-3375.4234303542944
100,1,1,0,50,-2896.40893904336
100,1,1,0,60,-2617.573413064368
100,1,1,0,70,-2538.9168524173147
100,1,1,0,80,-2660.4392571022036
100,1,1,0,90,-2982.14062711903
100,1,1,0,100,-3504.0209624677964
100,1,1,1,10,-6557.927460956276
100,1,1,1,20,-5478.376073649523
100,1,1,1,30,-4599.0036516747095
100,1,1,1,40,-3919.810195031837
100,1,1,1,50,-3440.7957037209026
100,1,1,1,60,-3161.9601777419107
100,1,1,1,70,-3083.303617094857
100,1,1,1,80,-3204.826021779745
100,1,1,1,90,-3526.5273917965715
100,1,1,1,100,-4048.407727145338
