50,1,0,0,10,-102.15504363830799
50,1,0,0,20,-61.81342597758126
50,1,0,0,30,-28.77134066299425
50,1,0,0,40,-3.028787694546935
50,1,0,0,50,15.414232927760679
50,1,0,0,60,26.557721203928622
50,1,0,0,70,30.401677133956895
50,1,0,0,80,26.94610071784544
50,1,0,0,90,16.190991955594313
50,1,0,0,100,-1.8636491527965404
50,1,0,1,10,-123.39935080920723
50,1,0,1,20,-83.05773314848055
50,1,0,1,30,-50.015647833893524
50,1,0,1,40,-24.27309486544621
50,1,0,1,50,-5.830074243138597
50,1,0,1,60,5.313414033029346
50,1,0,1,70,9.157369963057619
50,1,0,1,80,5.701793546946163
50,1,0,1,90,-5.053315215304963
50,1,0,1,100,-23.10795632369576
50,1,1,0,10,-157.0288638723026
50,1,1,0,20,-116.6872462115759
50,1,1,0,30,-83.64516089698888
50,1,1,0,40,-57.902607928541556
50,1,1,0,50,-39.459587306233914
50,1,1,0,60,-28.316099030066027
50,1,1,0,70,-24.472143100037698
50,1,1,0,80,-27.92771951614921
50,1,1,0,90,-38.68282827840028
50,1,1,0,100,-56.73746938679113
50,1,1,1,10,-178.27317104320184
50,1,1,1,20,-137.93155338247516
50,1,1,1,30,-104.88946806788813
50,1,1,1,40,-79.1469150994408
50,1,1,1,50,-60.70389447713319
50,1,1,1,60,-49.56040620096525
50,1,1,1,70,-45.716450270936974
50,1,1,1,80,-49.17202668704843
50,1,1,1,90,-59.927135449299556
50,1,1,1,100,-77.98177655769035
60,0,0,0,10,-21.361210335747813
60,0,0,0,20,18.9804073249789
60,0,0,0,30,52.02249263956594
60,0,0,0,40,77.76504560801317
60,0,0,0,50,96.20806623032087
60,0,0,0,60,107.35155450648875
60,0,0,0,70,111.19551043651711
60,0,0,0,80,107.7399340204056
60,0,0,0,90,96.9848252581545
60,0,0,0,100,78.93018414976365
60,0,0,1,10,-42.60551750664706
60,0,0,1,20,-2.263899845920349
60,0,0,1,30,30.778185468666663
60,0,0,1,40,56.52073843711395
60,0,0,1,50,74.96375905942159
60,0,0,1,60,86.10724733558953
60,0,0,1,70,89.95120326561778
60,0,0,1,80,86.49562684950638
60,0,0,1,90,75.74051808725517
60,0,0,1,100,57.68587697886443
60,0,1,0,10,-76.23503056974243
60,0,1,0,20,-35.89341290901572
60,0,1,0,30,-2.85132759442871
60,0,1,0,40,22.891225374018603
60,0,1,0,50,41.33424599632622
60,0,1,0,60,52.47773427249416
60,0,1,0,70,56.321690202522404
60,0,1,0,80,52.86611378641098
60,0,1,0,90,42.11100502415991
60,0,1,0,100,24.056363915769055
60,0,1,1,10,-97.47933774064167
60,0,1,1,20,-57.13772007991494
60,0,1,1,30,-24.09563476532793
60,0,1,1,40,1.6469182031193839
60,0,1,1,50,20.089938825426998
60,0,1,1,60,31.23342710159494
60,0,1,1,70,35.077383031623214
60,0,1,1,80,31.62180661551176
60,0,1,1,90,20.866697853260575
60,0,1,1,100,2.8120567448698353
60,1,0,0,10,-99.95539651797937
60,1,0,0,20,-59.61377885725264
60,1,0,0,30,-26.571693542665628
60,1,0,0,40,-0.8291405742183144
60,1,0,0,50,17.6138800480893
60,1,0,0,60,28.757368324257243
60,1,0,0,70,32.601324254285515
60,1,0,0,80,29.14574783817406
60,1,0,0,90,18.390639075922877
60,1,0,0,100,0.33599796753213695
60,1,0,1,10,-121.19970368887861
60,1,0,1,20,-80.85808602815193
60,1,0,1,30,-47.816000713564904
60,1,0,1,40,-22.07344774511759
60,1,0,1,50,-3.6304271228099765
60,1,0,1,60,7.513061153357967
60,1,0,1,70,11.35701708338624
60,1,0,1,80,7.901440667274784
60,1,0,1,90,-2.853668094976342
60,1,0,1,100,-20.908309203367082
60,1,1,0,10,-154.82921675197397
60,1,1,0,20,-114.48759909124728
60,1,1,0,30,-81.44551377666026
60,1,1,0,40,-55.702960808212936
60,1,1,0,50,-37.25994018590535
60,1,1,0,60,-26.11645190973735
60,1,1,0,70,-22.272495979709134
60,1,1,0,80,-25.728072395820533
60,1,1,0,90,-36.483181158071716
60,1,1,0,100,-54.537822266462456
60,1,1,1,10,-176.07352392287322
60,1,1,1,20,-135.73190626214654
60,1,1,1,30,-102.68982094755951
60,1,1,1,40,-76.94726797911218
60,1,1,1,50,-58.50424735680457
60,1,1,1,60,-47.360759080636626
60,1,1,1,70,-43.516803150608354
60,1,1,1,80,-46.97237956671981
60,1,1,1,90,-57.727488328970935
60,1,1,1,100,-75.78212943736173
70,0,0,0,10,-27.155687605013924
70,0,0,0,20,13.185930055712788
70,0,0,0,30,46.22801537029977
70,0,0,0,40,71.97056833874711
70,0,0,0,50,90.4135889610547
70,0,0,0,60,101.5570772372227
70,0,0,0,70,105.40103316725094
70,0,0,0,80,101.94545675113955
70,0,0,0,90,91.19034798888833
70,0,0,0,100,73.1357068804976
70,0,0,1,10,-48.39999477591317
70,0,0,1,20,-8.05837711518646
70,0,0,1,30,24.983708199400553
70,0,0,1,40,50.726261167847866
70,0,0,1,50,69.16928179015548
70,0,0,1,60,80.31277006632342
70,0,0,1,70,84.15672599635172
70,0,0,1,80,80.70114958024033
70,0,0,1,90,69.94604081798911
70,0,0,1,100,51.89139970959826
70,0,1,0,10,-82.02950783900853
70,0,1,0,20,-41.68789017828183
70,0,1,0,30,-8.64580486369482
70,0,1,0,40,17.096748104752493
70,0,1,0,50,35.53976872706011
70,0,1,0,60,46.68325700322805
70,0,1,0,70,50.52721293325632
70,0,1,0,80,47.07163651714487
70,0,1,0,90,36.31652775489374
70,0,1,0,100,18.261886646503
70,0,1,1,10,-103.27381500990778
70,0,1,1,20,-62.93219734918105
70,0,1,1,30,-29.89011203459404
70,0,1,1,40,-4.1475590661467265
70,0,1,1,50,14.295461556160888
70,0,1,1,60,25.43894983232883
70,0,1,1,70,29.282905762357103
70,0,1,1,80,25.827329346245648
70,0,1,1,90,15.072220583994522
70,0,1,1,100,-2.982420524396332
70,1,0,0,10,-105.74987378724548
70,1,0,0,20,-65.40825612651875
70,1,0,0,30,-32.36617081193174
70,1,0,0,40,-6.623617843484425
70,1,0,0,50,11.81940277882319
70,1,0,0,60,22.962891054991132
70,1,0,0,70,26.806846985019405
70,1,0,0,80,23.35127056890795
70,1,0,0,90,12.596161806656824
70,1,0,0,100,-5.45847930173403
70,1,0,1,10,-126.99418095814472
70,1,0,1,20,-86.65256329741804
70,1,0,1,30,-53.610477982831014
70,1,0,1,40,-27.8679250143837
70,1,0,1,50,-9.424904392076087
70,1,0,1,60,1.7185838840918564
70,1,0,1,70,5.562539814120129
70,1,0,1,80,2.1069633980086735
70,1,0,1,90,-8.648145364242453
70,1,0,1,100,-26.70278647263325
70,1,1,0,10,-160.62369402124008
70,1,1,0,20,-120.28207636051339
70,1,1,0,30,-87.23999104592637
70,1,1,0,40,-61.497438077479046
70,1,1,0,50,-43.054417455171404
70,1,1,0,60,-31.910929179003517
70,1,1,0,70,-28.066973248975188
70,1,1,0,80,-31.5225496650867
70,1,1,0,90,-42.27765842733777
70,1,1,0,100,-60.33229953572862
70,1,1,1,10,-181.86800119213933
70,1,1,1,20,-141.52638353141262
70,1,1,1,30,-108.48429821682562
70,1,1,1,40,-82.7417452483783
70,1,1,1,50,-64.29872462607068
70,1,1,1,60,-53.15523634990274
70,1,1,1,70,-49.311280419874464
70,1,1,1,80,-52.76685683598592
70,1,1,1,90,-63.521965598237045
70,1,1,1,100,-81.57660670662784
80,0,0,0,10,-40.94428926387482
80,0,0,0,20,-0.6026716031481101
80,0,0,0,30,32.439413711438874
80,0,0,0,40,58.181966679886216
80,0,0,0,50,76.6249873021938
80,0,0,0,60,87.7684755783618
80,0,0,0,70,91.61243150839005
80,0,0,0,80,88.15685509227865
80,0,0,0,90,77.40174633002744
80,0,0,0,100,59.347105221636696
80,0,0,1,10,-62.18859643477407
80,0,0,1,20,-21.846978774047358
80,0,0,1,30,11.195106540539655
80,0,0,1,40,36.93765950898697
80,0,0,1,50,55.38068013129458
80,0,0,1,60,66.52416840746253
80,0,0,1,70,70.36812433749083
80,0,0,1,80,66.91254792137931
80,0,0,1,90,56.15743915912822
80,0,0,1,100,38.10279805073736
80,0,1,0,10,-95.81810949786943
80,0,1,0,20,-55.47649183714273
80,0,1,0,30,-22.43440652255572
80,0,1,0,40,3.3081464458915946
80,0,1,0,50,21.75116706819921
80,0,1,0,60,32.89465534436715
80,0,1,0,70,36.738611274395424
80,0,1,0,80,33.28303485828397
80,0,1,0,90,22.527926096032843
80,0,1,0,100,4.473284987642103
80,0,1,1,10,-117.06241666876868
80,0,1,1,20,-76.72079900804196
80,0,1,1,30,-43.67871369345494
80,0,1,1,40,-17.936160725007625
80,0,1,1,50,0.5068598972999894
80,0,1,1,60,11.650348173467933
80,0,1,1,70,15.494304103496205
80,0,1,1,80,12.03872768738475
80,0,1,1,90,1.2836189251336236
80,0,1,1,100,-16.77102218325723
80,1,0,0,10,-119.53847544610637
80,1,0,0,20,-79.19685778537966
80,1,0,0,30,-46.154772470792636
80,1,0,0,40,-20.412219502345323
80,1,0,0,50,-1.969198880037709
80,1,0,0,60,9.174289396130234
80,1,0,0,70,13.018245326158507
80,1,0,0,80,9.562668910047051
80,1,0,0,90,-1.1924398522040747
80,1,0,0,100,-19.24708096059493
80,1,0,1,10,-140.7827826170056
80,1,0,1,20,-100.44116495627893
80,1,0,1,30,-67.39907964169191
80,1,0,1,40,-41.6565266732446
80,1,0,1,50,-23.213506050936985
80,1,0,1,60,-12.070017774769042
80,1,0,1,70,-8.22606184474077
80,1,0,1,80,-11.681638260852225
80,1,0,1,90,-22.43674702310335
80,1,0,1,100,-40.49138813149415
80,1,1,0,10,-174.41229568010098
80,1,1,0,20,-134.07067801937427
80,1,1,0,30,-101.02859270478727
80,1,1,0,40,-75.28603973633994
80,1,1,0,50,-56.8430191140323
80,1,1,0,60,-45.699530837864415
80,1,1,0,70,-41.855574907836086
80,1,1,0,80,-45.3111513239476
80,1,1,0,90,-56.06626008619867
80,1,1,0,100,-74.12090119458952
80,1,1,1,10,-195.65660285100023
80,1,1,1,20,-155.31498519027352
80,1,1,1,30,-122.27289987568652
80,1,1,1,40,-96.53034690723919
80,1,1,1,50,-78.08732628493156
80,1,1,1,60,-66.94383800876363
80,1,1,1,70,-63.09988207873536
80,1,1,1,80,-66.55545849484682
80,1,1,1,90,-77.31056725709794
80,1,1,1,100,-95.36520836548874
90,0,0,0,10,-62.727015312330536
90,0,0,0,20,-22.385397651603824
90,0,0,0,30,10.656687662983188
90,0,0,0,40,36.3992406314305
90,0,0,0,50,54.842261253738116
90,0,0,0,60,65.98574952990606
90,0,0,0,70,69.8297054599343
90,0,0,0,80,66.3741290438229
90,0,0,0,90,55.61902028157169
90,0,0,0,100,37.56437917318095
90,0,0,1,10,-83.97132248322978
90,0,0,1,20,-43.62970482250307
90,0,0,1,30,-10.587619507916088
90,0,0,1,40,15.154933460531282
90,0,0,1,50,33.59795408283884
90,0,0,1,60,44.74144235900684
90,0,0,1,70,48.585398289035055
90,0,0,1,80,45.12982187292366
90,0,0,1,90,34.374713110672474
90,0,0,1,100,16.320072002281734
90,0,1,0,10,-117.60083554632514
90,0,1,0,20,-77.25921788559843
90,0,1,0,30,-44.217132571011405
90,0,1,0,40,-18.47457960256409
90,0,1,0,50,-0.0315589802564773
90,0,1,0,60,11.111929295911466
90,0,1,0,70,14.955885225939738
90,0,1,0,80,11.500308809828283
90,0,1,0,90,0.745200047577157
90,0,1,0,100,-17.30944106081364
90,0,1,1,10,-138.84514271722438
90,0,1,1,20,-98.5035250564977
90,0,1,1,30,-65.46143974191068
90,0,1,1,40,-39.71888677346337
90,0,1,1,50,-21.275866151155753
90,0,1,1,60,-10.13237787498781
90,0,1,1,70,-6.288421944959538
90,0,1,1,80,-9.743998361070993
90,0,1,1,90,-20.49910712332212
90,0,1,1,100,-38.55374823171286
90,1,0,0,10,-141.32120149456208
90,1,0,0,20,-100.97958383383539
90,1,0,0,30,-67.93749851924838
90,1,0,0,40,-42.194945550801066
90,1,0,0,50,-23.75192492849345
90,1,0,0,60,-12.608436652325508
90,1,0,0,70,-8.764480722297236
90,1,0,0,80,-12.220057138408691
90,1,0,0,90,-22.975165900659817
90,1,0,0,100,-41.02980700905056
90,1,0,1,10,-162.56550866546132
90,1,0,1,20,-122.22389100473464
90,1,0,1,30,-89.18180569014764
90,1,0,1,40,-63.43925272170031
90,1,0,1,50,-44.99623209939267
90,1,0,1,60,-33.85274382322473
90,1,0,1,70,-30.008787893196455
90,1,0,1,80,-33.46436430930791
90,1,0,1,90,-44.21947307155904
90,1,0,1,100,-62.274114179949834
90,1,1,0,10,-196.1950217285567
90,1,1,0,20,-155.85340406782998
90,1,1,0,30,-122.81131875324299
90,1,1,0,40,-97.06876578479566
90,1,1,0,50,-78.62574516248803
90,1,1,0,60,-67.4822568863201
90,1,1,0,70,-63.63830095629183
90,1,1,0,80,-67.09387737240328
90,1,1,0,90,-77.84898613465441
90,1,1,0,100,-95.90362724304521
90,1,1,1,10,-217.43932889945594
90,1,1,1,20,-177.09771123872923
90,1,1,1,30,-144.05562592414225
90,1,1,1,40,-118.3130729556949
90,1,1,1,50,-99.87005233338728
90,1,1,1,60,-88.72656405721935
90,1,1,1,70,-84.88260812719105
90,1,1,1,80,-88.33818454330256
90,1,1,1,90,-99.09329330555363
90,1,1,1,100,-117.14793441394448
100,0,0,0,10,-92.50386575038101
100,0,0,0,20,-52.1622480896543
100,0,0,0,30,-19.120162775067286
100,0,0,0,40,6.622390193380028
100,0,0,0,50,25.065410815687642
100,0,0,0,60,36.208899091855585
100,0,0,0,70,40.05285502188386
100,0,0,0,80,36.5972786057724
100,0,0,0,90,25.842169843521333
100,0,0,0,100,7.787528735130479
100,0,0,1,10,-113.74817292128026
100,0,0,1,20,-73.40655526055355
100,0,0,1,30,-40.36446994596656
100,0,0,1,40,-14.62191697751922
100,0,0,1,50,3.8211036447883657
100,0,0,1,60,14.964591920956366
100,0,0,1,70,18.80854785098458
100,0,0,1,80,15.352971434873183
100,0,0,1,90,4.597862672622
100,0,0,1,100,-13.45677843576874
100,0,1,0,10,-147.3776859843756
100,0,1,0,20,-107.03606832364892
100,0,1,0,30,-73.99398300906188
100,0,1,0,40,-48.251430040614565
100,0,1,0,50,-29.80840941830695
100,0,1,0,60,-18.664921142139008
100,0,1,0,70,-14.820965212110735
100,0,1,0,80,-18.27654162822219
100,0,1,0,90,-29.031650390473317
100,0,1,0,100,-47.086291498864114
100,0,1,1,10,-168.62199315527485
100,0,1,1,20,-128.28037549454817
100,0,1,1,30,-95.23829017996117
100,0,1,1,40,-69.49573721151384
100,0,1,1,50,-51.05271658920623
100,0,1,1,60,-39.909228313038284
100,0,1,1,70,-36.06527238301001
100,0,1,1,80,-39.52084879912147
100,0,1,1,90,-50.27595756137259
100,0,1,1,100,-68.33059866976339
100,1,0,0,10,-171.09805193261255
100,1,0,0,20,-130.75643427188587
100,1,0,0,30,-97.71434895729887
100,1,0,0,40,-71.97179598885154
100,1,0,0,50,-53.528775366543925
100,1,0,0,60,-42.38528709037598
100,1,0,0,70,-38.54133116034771
100,1,0,0,80,-41.996907576459165
100,1,0,0,90,-52.75201633871029
100,1,0,0,100,-70.80665744710109
100,1,0,1,10,-192.3423591035118
100,1,0,1,20,-152.0007414427851
100,1,0,1,30,-118.9586561281981
100,1,0,1,40,-93.21610315975076
100,1,0,1,50,-74.77308253744313
100,1,0,1,60,-63.6295942612752
100,1,0,1,70,-59.78563833124693
100,1,0,1,80,-63.241214747358384
100,1,0,1,90,-73.99632350960951
100,1,0,1,100,-92.05096461800031
100,1,1,0,10,-225.97187216660717
100,1,1,0,20,-185.63025450588046
100,1,1,0,30,-152.58816919129345
100,1,1,0,40,-126.84561622284613
100,1,1,0,50,-108.4025956005385
100,1,1,0,60,-97.25910732437058
100,1,1,0,70,-93.4151513943423
100,1,1,0,80,-96.87072781045376
100,1,1,0,90,-107.62583657270488
100,1,1,0,100,-125.68047768109568
100,1,1,1,10,-247.21617933750642
100,1,1,1,20,-206.8745616767797
100,1,1,1,30,-173.83247636219272
100,1,1,1,40,-148.08992339374538
100,1,1,1,50,-129.64690277143774
100,1,1,1,60,-118.50341449526982
100,1,1,1,70,-114.65945856524152
100,1,1,1,80,-118.11503498135303
100,1,1,1,90,-128.8701437436041
100,1,1,1,100,-146.92478485199496
