0,0,0,0,10,-155.9831869934639
0,0,0,0,20,-115.61325099569969
0,0,0,0,30,-82.43031065939236
0,0,0,0,40,-56.43436598454201
0,0,0,0,50,-37.62541697114855
0,0,0,0,60,-26.00346361921197
0,0,0,0,70,-21.568505928732378
0,0,0,0,80,-24.32054389970972
0,0,0,0,90,-34.259577532143965
0,0,0,0,100,-51.38560682603514
0,0,0,1,10,-176.39132355821124
0,0,0,1,20,-136.021387560447
0,0,0,1,30,-102.83844722413967
0,0,0,1,40,-76.8425025492893
0,0,0,1,50,-58.03355353589586
0,0,0,1,60,-46.41160018395931
0,0,0,1,70,-41.976642493479716
0,0,0,1,80,-44.72868046445706
0,0,0,1,90,-54.6677140968913
0,0,0,1,100,-71.79374339078248
0,0,1,0,10,-215.50396362207545
0,0,1,0,20,-175.13402762431122
0,0,1,0,30,-141.95108728800392
0,0,1,0,40,-115.95514261315354
0,0,1,0,50,-97.1461935997601
0,0,1,0,60,-85.52424024782351
0,0,1,0,70,-81.08928255734392
0,0,1,0,80,-83.84132052832126
0,0,1,0,90,-93.78035416075551
0,0,1,0,100,-110.90638345464669
0,0,1,1,10,-235.91210018682276
0,0,1,1,20,-195.54216418905852
0,0,1,1,30,-162.3592238527512
0,0,1,1,40,-136.36327917790084
0,0,1,1,50,-117.5543301645074
0,0,1,1,60,-105.93237681257082
0,0,1,1,70,-101.49741912209126
0,0,1,1,80,-104.2494570930686
0,0,1,1,90,-114.18849072550285
0,0,1,1,100,-131.31452001939402
0,1,0,0,10,-240.07636611643784
0,1,0,0,20,-199.7064301186736
0,1,0,0,30,-166.5234897823663
0,1,0,0,40,-140.52754510751595
0,1,0,0,50,-121.71859609412249
0,1,0,0,60,-110.0966427421859
0,1,0,0,70,-105.66168505170631
0,1,0,0,80,-108.41372302268366
0,1,0,0,90,-118.3527566551179
0,1,0,0,100,-135.47878594900908
0,1,0,1,10,-260.4845026811852
0,1,0,1,20,-220.11456668342095
0,1,0,1,30,-186.93162634711362
0,1,0,1,40,-160.93568167226326
0,1,0,1,50,-142.12673265886983
0,1,0,1,60,-130.50477930693324
0,1,0,1,70,-126.06982161645365
0,1,0,1,80,-128.821859587431
0,1,0,1,90,-138.76089321986524
0,1,0,1,100,-155.88692251375642
0,1,1,0,10,-299.5971427450494
0,1,1,0,20,-259.22720674728515
0,1,1,0,30,-226.04426641097785
0,1,1,0,40,-200.0483217361275
0,1,1,0,50,-181.23937272273403
0,1,1,0,60,-169.61741937079745
0,1,1,0,70,-165.18246168031786
0,1,1,0,80,-167.9344996512952
0,1,1,0,90,-177.87353328372944
0,1,1,0,100,-194.99956257762062
0,1,1,1,10,-320.0052793097967
0,1,1,1,20,-279.6353433120325
0,1,1,1,30,-246.45240297572514
0,1,1,1,40,-220.45645830087477
0,1,1,1,50,-201.64750928748134
0,1,1,1,60,-190.02555593554476
0,1,1,1,70,-185.59059824506517
0,1,1,1,80,-188.3426362160425
0,1,1,1,90,-198.28166984847672
0,1,1,1,100,-215.4076991423679
10,0,0,0,10,-113.36246191808081
10,0,0,0,20,-72.99252592031658
10,0,0,0,30,-39.809585584009255
10,0,0,0,40,-13.813640909158892
10,0,0,0,50,4.995308104234567
10,0,0,0,60,16.61726145617115
10,0,0,0,70,21.052219146650742
10,0,0,0,80,18.3001811756734
10,0,0,0,90,8.361147543239156
10,0,0,0,100,-8.764881750652023
10,0,0,1,10,-133.77059848282812
10,0,0,1,20,-93.4006624850639
10,0,0,1,30,-60.21772214875659
10,0,0,1,40,-34.22177747390623
10,0,0,1,50,-15.41282846051277
10,0,0,1,60,-3.790875108576188
10,0,0,1,70,0.6440825819034046
10,0,0,1,80,-2.107955389073936
10,0,0,1,90,-12.046989021508182
10,0,0,1,100,-29.17301831539936
10,0,1,0,10,-172.88323854669235
10,0,1,0,20,-132.51330254892812
10,0,1,0,30,-99.33036221262078
10,0,1,0,40,-73.33441753777043
10,0,1,0,50,-54.525468524376976
10,0,1,0,60,-42.90351517244039
10,0,1,0,70,-38.4685574819608
10,0,1,0,80,-41.22059545293814
10,0,1,0,90,-51.15962908537239
10,0,1,0,100,-68.28565837926357
10,0,1,1,10,-193.29137511143966
10,0,1,1,20,-152.92143911367543
10,0,1,1,30,-119.73849877736812
10,0,1,1,40,-93.74255410251776
10,0,1,1,50,-74.93360508912431
10,0,1,1,60,-63.31165173718773
10,0,1,1,70,-58.87669404670814
10,0,1,1,80,-61.62873201768548
10,0,1,1,90,-71.56776565011972
10,0,1,1,100,-88.6937949440109
10,1,0,0,10,-197.45564104105475
10,1,0,0,20,-157.08570504329052
10,1,0,0,30,-123.9027647069832
10,1,0,0,40,-97.90682003213284
10,1,0,0,50,-79.0978710187394
10,1,0,0,60,-67.47591766680279
10,1,0,0,70,-63.040959976323194
10,1,0,0,80,-65.79299794730053
10,1,0,0,90,-75.73203157973478
10,1,0,0,100,-92.85806087362596
10,1,0,1,10,-217.86377760580206
10,1,0,1,20,-177.49384160803783
10,1,0,1,30,-144.31090127173053
10,1,0,1,40,-118.31495659688015
10,1,0,1,50,-99.5060075834867
10,1,0,1,60,-87.88405423155012
10,1,0,1,70,-83.44909654107053
10,1,0,1,80,-86.20113451204787
10,1,0,1,90,-96.14016814448212
10,1,0,1,100,-113.2661974383733
10,1,1,0,10,-256.97641766966626
10,1,1,0,20,-216.60648167190206
10,1,1,0,30,-183.42354133559473
10,1,1,0,40,-157.42759666074437
10,1,1,0,50,-138.6186476473509
10,1,1,0,60,-126.99669429541433
10,1,1,0,70,-122.56173660493474
10,1,1,0,80,-125.31377457591208
10,1,1,0,90,-135.25280820834632
10,1,1,0,100,-152.3788375022375
10,1,1,1,10,-277.3845542344136
10,1,1,1,20,-237.01461823664937
10,1,1,1,30,-203.83167790034207
10,1,1,1,40,-177.8357332254917
10,1,1,1,50,-159.02678421209825
10,1,1,1,60,-147.40483086016167
10,1,1,1,70,-142.96987316968207
10,1,1,1,80,-145.72191114065942
10,1,1,1,90,-155.66094477309366
10,1,1,1,100,-172.78697406698484
20,0,0,0,10,-78.80005359526447
20,0,0,0,20,-38.43011759750024
20,0,0,0,30,-5.247177261192917
20,0,0,0,40,20.748767413657447
20,0,0,0,50,39.557716427050906
20,0,0,0,60,51.17966977898743
20,0,0,0,70,55.61462746946705
20,0,0,0,80,52.86258949848968
20,0,0,0,90,42.92355586605544
20,0,0,0,100,25.79752657216426
20,0,0,1,10,-99.20819016001181
20,0,0,1,20,-58.83825416224758
20,0,0,1,30,-25.655313825940254
20,0,0,1,40,0.3406308489101093
20,0,0,1,50,19.14957986230357
20,0,0,1,60,30.77153321424015
20,0,0,1,70,35.20649090471974
20,0,0,1,80,32.4544529337424
20,0,0,1,90,22.5154193013081
20,0,0,1,100,5.389390007416921
20,0,1,0,10,-138.32083022387602
20,0,1,0,20,-97.9508942261118
20,0,1,0,30,-64.76795388980446
20,0,1,0,40,-38.772009214954096
20,0,1,0,50,-19.963060201560637
20,0,1,0,60,-8.341106849624055
20,0,1,0,70,-3.906149159144462
20,0,1,0,80,-6.658187130121803
20,0,1,0,90,-16.59722076255605
20,0,1,0,100,-33.723250056447284
20,0,1,1,10,-158.72896678862332
20,0,1,1,20,-118.35903079085911
20,0,1,1,30,-85.17609045455178
20,0,1,1,40,-59.180145779701434
20,0,1,1,50,-40.371196766307975
20,0,1,1,60,-28.749243414371392
20,0,1,1,70,-24.3142857238918
20,0,1,1,80,-27.06632369486914
20,0,1,1,90,-37.005357327303386
20,0,1,1,100,-54.131386621194565
20,1,0,0,10,-162.8932327182384
20,1,0,0,20,-122.52329672047419
20,1,0,0,30,-89.34035638416687
20,1,0,0,40,-63.34441170931649
20,1,0,0,50,-44.53546269592306
20,1,0,0,60,-32.91350934398645
20,1,0,0,70,-28.478551653506855
20,1,0,0,80,-31.230589624484196
20,1,0,0,90,-41.16962325691844
20,1,0,0,100,-58.29565255080962
20,1,0,1,10,-183.30136928298575
20,1,0,1,20,-142.93143328522152
20,1,0,1,30,-109.74849294891419
20,1,0,1,40,-83.75254827406381
20,1,0,1,50,-64.94359926067037
20,1,0,1,60,-53.321645908733785
20,1,0,1,70,-48.88668821825419
20,1,0,1,80,-51.638726189231534
20,1,0,1,90,-61.57775982166578
20,1,0,1,100,-78.70378911555696
20,1,1,0,10,-222.41400934684995
20,1,1,0,20,-182.04407334908572
20,1,1,0,30,-148.8611330127784
20,1,1,0,40,-122.86518833792805
20,1,1,0,50,-104.0562393245346
20,1,1,0,60,-92.43428597259802
20,1,1,0,70,-87.9993282821184
20,1,1,0,80,-90.75136625309574
20,1,1,0,90,-100.69039988552998
20,1,1,0,100,-117.81642917942116
20,1,1,1,10,-242.8221459115973
20,1,1,1,20,-202.45220991383306
20,1,1,1,30,-169.26926957752573
20,1,1,1,40,-143.27332490267537
20,1,1,1,50,-124.46437588928191
20,1,1,1,60,-112.84242253734533
20,1,1,1,70,-108.40746484686574
20,1,1,1,80,-111.15950281784308
20,1,1,1,90,-121.09853645027732
20,1,1,1,100,-138.2245657441685
30,0,0,0,10,-52.295962025014916
30,0,0,0,20,-11.926026027250657
30,0,0,0,30,21.25691430905664
30,0,0,0,40,47.252858983907004
30,0,0,0,50,66.06180799730049
30,0,0,0,60,77.68376134923705
30,0,0,0,70,82.11871903971661
30,0,0,0,80,79.36668106873924
30,0,0,0,90,69.427647436305
30,0,0,0,100,52.301618142413815
30,0,0,1,10,-72.70409858976222
30,0,0,1,20,-32.334162591997966
30,0,0,1,30,0.8487777443093023
30,0,0,1,40,26.844722419159666
30,0,0,1,50,45.653671432553125
30,0,0,1,60,57.27562478448971
30,0,0,1,70,61.71058247496927
30,0,0,1,80,58.95854450399196
30,0,0,1,90,49.01951087155777
30,0,0,1,100,31.89348157766659
30,0,1,0,10,-111.81673865362643
30,0,1,0,20,-71.4468026558622
30,0,1,0,30,-38.2638623195549
30,0,1,0,40,-12.26791764470454
30,0,1,0,50,6.54103136868892
30,0,1,0,60,18.162984720625502
30,0,1,0,70,22.597942411105095
30,0,1,0,80,19.845904440127754
30,0,1,0,90,9.906870807693508
30,0,1,0,100,-7.219158486197614
30,0,1,1,10,-132.22487521837377
30,0,1,1,20,-91.85493922060952
30,0,1,1,30,-58.671998884302184
30,0,1,1,40,-32.67605420945182
30,0,1,1,50,-13.867105196058418
30,0,1,1,60,-2.2451518441218354
30,0,1,1,70,2.189805846357757
30,0,1,1,80,-0.5622321246195838
30,0,1,1,90,-10.50126575705383
30,0,1,1,100,-27.62729505094495
30,1,0,0,10,-136.38914114798882
30,1,0,0,20,-96.01920515022461
30,1,0,0,30,-62.836264813917296
30,1,0,0,40,-36.84032013906693
30,1,0,0,50,-18.031371125673473
30,1,0,0,60,-6.409417773736891
30,1,0,0,70,-1.9744600832572985
30,1,0,0,80,-4.726498054234639
30,1,0,0,90,-14.665531686668885
30,1,0,0,100,-31.791560980560064
30,1,0,1,10,-156.79727771273616
30,1,0,1,20,-116.42734171497193
30,1,0,1,30,-83.24440137866459
30,1,0,1,40,-57.24845670381421
30,1,0,1,50,-38.43950769042078
30,1,0,1,60,-26.81755433848423
30,1,0,1,70,-22.382596648004636
30,1,0,1,80,-25.134634618981977
30,1,0,1,90,-35.07366825141622
30,1,0,1,100,-52.1996975453074
30,1,1,0,10,-195.90991777660037
30,1,1,0,20,-155.53998177883614
30,1,1,0,30,-122.35704144252882
30,1,1,0,40,-96.36109676767846
30,1,1,0,50,-77.55214775428502
30,1,1,0,60,-65.93019440234843
30,1,1,0,70,-61.49523671186884
30,1,1,0,80,-64.24727468284618
30,1,1,0,90,-74.18630831528043
30,1,1,0,100,-91.3123376091716
30,1,1,1,10,-216.31805434134768
30,1,1,1,20,-175.94811834358345
30,1,1,1,30,-142.76517800727612
30,1,1,1,40,-116.76923333242577
30,1,1,1,50,-97.96028431903233
30,1,1,1,60,-86.33833096709574
30,1,1,1,70,-81.90337327661618
30,1,1,1,80,-84.65541124759352
30,1,1,1,90,-94.59444488002777
30,1,1,1,100,-111.72047417391894
40,0,0,0,10,-33.850187207332084
40,0,0,0,20,6.519748790432146
40,0,0,0,30,39.70268912673947
40,0,0,0,40,65.69863380158984
40,0,0,0,50,84.50758281498332
40,0,0,0,60,96.12953616691982
40,0,0,0,70,100.56449385739944
40,0,0,0,80,97.81245588642207
40,0,0,0,90,87.87342225398783
40,0,0,0,100,70.74739296009665
40,0,0,1,10,-54.25832377207942
40,0,0,1,20,-13.888387774315191
40,0,0,1,30,19.294552561992134
40,0,0,1,40,45.2904972368425
40,0,0,1,50,64.09944625023599
40,0,0,1,60,75.72139960217254
40,0,0,1,70,80.1563572926521
40,0,0,1,80,77.40431932167479
40,0,0,1,90,67.46528568924049
40,0,0,1,100,50.33925639534931
40,0,1,0,10,-93.37096383594363
40,0,1,0,20,-53.0010278381794
40,0,1,0,30,-19.81808750187207
40,0,1,0,40,6.1778571729782925
40,0,1,0,50,24.98680618637175
40,0,1,0,60,36.608759538308334
40,0,1,0,70,41.043717228787926
40,0,1,0,80,38.291679257810586
40,0,1,0,90,28.352645625376283
40,0,1,0,100,11.226616331485104
40,0,1,1,10,-113.77910040069095
40,0,1,1,20,-73.4091644029267
40,0,1,1,30,-40.22622406661941
40,0,1,1,40,-14.230279391769045
40,0,1,1,50,4.578669621624414
40,0,1,1,60,16.200622973560996
40,0,1,1,70,20.63558066404059
40,0,1,1,80,17.883542693063248
40,0,1,1,90,7.944509060629002
40,0,1,1,100,-9.18152023326212
40,1,0,0,10,-117.94336633030603
40,1,0,0,20,-77.5734303325418
40,1,0,0,30,-44.390489996234464
40,1,0,0,40,-18.3945453213841
40,1,0,0,50,0.4144036920093015
40,1,0,0,60,12.03635704394594
40,1,0,0,70,16.471314734425533
40,1,0,0,80,13.719276763448192
40,1,0,0,90,3.780243131013947
40,1,0,0,100,-13.345786162877232
40,1,0,1,10,-138.35150289505336
40,1,0,1,20,-97.98156689728913
40,1,0,1,30,-64.7986265609818
40,1,0,1,40,-38.80268188613144
40,1,0,1,50,-19.99373287273798
40,1,0,1,60,-8.371779520801397
40,1,0,1,70,-3.9368218303218043
40,1,0,1,80,-6.688859801299145
40,1,0,1,90,-16.62789343373339
40,1,0,1,100,-33.75392272762457
40,1,1,0,10,-177.46414295891756
40,1,1,0,20,-137.09420696115336
40,1,1,0,30,-103.91126662484602
40,1,1,0,40,-77.91532194999566
40,1,1,0,50,-59.10637293660221
40,1,1,0,60,-47.4844195846656
40,1,1,0,70,-43.04946189418601
40,1,1,0,80,-45.80149986516335
40,1,1,0,90,-55.740533497597596
40,1,1,0,100,-72.86656279148878
40,1,1,1,10,-197.87227952366487
40,1,1,1,20,-157.50234352590064
40,1,1,1,30,-124.31940318959333
40,1,1,1,40,-98.32345851474297
40,1,1,1,50,-79.51450950134952
40,1,1,1,60,-67.89255614941294
40,1,1,1,70,-63.45759845893335
40,1,1,1,80,-66.20963642991069
40,1,1,1,90,-76.14867006234493
40,1,1,1,100,-93.27469935623611
50,0,0,0,10,-23.462729142216034
50,0,0,0,20,16.907206855548196
50,0,0,0,30,50.090147191855465
50,0,0,0,40,76.08609186670583
50,0,0,0,50,94.89504088009932
50,0,0,0,60,106.51699423203593
50,0,0,0,70,110.95195192251555
50,0,0,0,80,108.19991395153818
50,0,0,0,90,98.26088031910393
50,0,0,0,100,81.13485102521275
50,0,0,1,10,-43.87086570696337
50,0,0,1,20,-3.5009297091991414
50,0,0,1,30,29.682010627108184
50,0,0,1,40,55.67795530195855
50,0,0,1,50,74.48690431535198
50,0,0,1,60,86.10885766728859
50,0,0,1,70,90.54381535776821
50,0,0,1,80,87.79177738679084
50,0,0,1,90,77.8527437543566
50,0,0,1,100,60.726714460465416
50,0,1,0,10,-82.98350577082759
50,0,1,0,20,-42.61356977306335
50,0,1,0,30,-9.430629436756021
50,0,1,0,40,16.565315238094286
50,0,1,0,50,35.374264251487745
50,0,1,0,60,46.996217603424384
50,0,1,0,70,51.431175293903976
50,0,1,0,80,48.679137322926636
50,0,1,0,90,38.74010369049239
50,0,1,0,100,21.61407439660121
50,0,1,1,10,-103.39164233557491
50,0,1,1,20,-63.021706337810684
50,0,1,1,30,-29.83876600150336
50,0,1,1,40,-3.842821326652995
50,0,1,1,50,14.966127686740464
50,0,1,1,60,26.588081038677046
50,0,1,1,70,31.02303872915664
50,0,1,1,80,28.271000758179298
50,0,1,1,90,18.331967125745052
50,0,1,1,100,1.2059378318538734
