50,1,0,0,10,-107.55590826518998
50,1,0,0,20,-67.18597226742574
50,1,0,0,30,-34.003031931118414
50,1,0,0,40,-8.00708725626805
50,1,0,0,50,10.801861757125408
50,1,0,0,60,22.423815109061934
50,1,0,0,70,26.858772799541526
50,1,0,0,80,24.106734828564186
50,1,0,0,90,14.16770119612994
50,1,0,0,100,-2.958328097761239
50,1,0,1,10,-127.96404482993731
50,1,0,1,20,-87.59410883217306
50,1,0,1,30,-54.41116849586575
50,1,0,1,40,-28.41522382101539
50,1,0,1,50,-9.60627480762193
50,1,0,1,60,2.015678544314653
50,1,0,1,70,6.450636234794246
50,1,0,1,80,3.698598263816905
50,1,0,1,90,-6.240435368617341
50,1,0,1,100,-23.366464662508577
50,1,1,0,10,-167.0766848938015
50,1,1,0,20,-126.7067488960373
50,1,1,0,30,-93.52380855972997
50,1,1,0,40,-67.5278638848796
50,1,1,0,50,-48.71891487148616
50,1,1,0,60,-37.09696151954955
50,1,1,0,70,-32.66200382906996
50,1,1,0,80,-35.4140418000473
50,1,1,0,90,-45.353075432481546
50,1,1,0,100,-62.479104726372725
50,1,1,1,10,-187.48482145854882
50,1,1,1,20,-147.1148854607846
50,1,1,1,30,-113.93194512447728
50,1,1,1,40,-87.93600044962692
50,1,1,1,50,-69.12705143623347
50,1,1,1,60,-57.50509808429689
50,1,1,1,70,-53.0701403938173
50,1,1,1,80,-55.82217836479464
50,1,1,1,90,-65.76121199722888
50,1,1,1,100,-82.88724129112006
60,0,0,0,10,-21.133587829666766
60,0,0,0,20,19.236348168097493
60,0,0,0,30,52.41928850440479
60,0,0,0,40,78.41523317925515
60,0,0,0,50,97.22418219264858
60,0,0,0,60,108.8461355445852
60,0,0,0,70,113.28109323506482
60,0,0,0,80,110.52905526408745
60,0,0,0,90,100.5900216316532
60,0,0,0,100,83.46399233776202
60,0,0,1,10,-41.541724394414075
60,0,0,1,20,-1.1717883966498164
60,0,0,1,30,32.01115193965745
60,0,0,1,40,58.007096614507816
60,0,0,1,50,76.81604562790125
60,0,0,1,60,88.43799897983786
60,0,0,1,70,92.87295667031748
60,0,0,1,80,90.12091869934011
60,0,0,1,90,80.18188506690586
60,0,0,1,100,63.055855773014684
60,0,1,0,10,-80.6543644582783
60,0,1,0,20,-40.28442846051405
60,0,1,0,30,-7.101488124206753
60,0,1,0,40,18.89445655064361
60,0,1,0,50,37.70340556403707
60,0,1,0,60,49.32535891597365
60,0,1,0,70,53.76031660645327
60,0,1,0,80,51.008278635475904
60,0,1,0,90,41.06924500304166
60,0,1,0,100,23.94321570915048
60,0,1,1,10,-101.06250102302562
60,0,1,1,20,-60.69256502526136
60,0,1,1,30,-27.50962468895409
60,0,1,1,40,-1.513680014103727
60,0,1,1,50,17.295268999289732
60,0,1,1,60,28.917222351226314
60,0,1,1,70,33.35218004170591
60,0,1,1,80,30.600142070728566
60,0,1,1,90,20.66110843829432
60,0,1,1,100,3.5350791444031415
60,1,0,0,10,-105.22676695264069
60,1,0,0,20,-64.85683095487644
60,1,0,0,30,-31.673890618569146
60,1,0,0,40,-5.6779459437187825
60,1,0,0,50,13.131003069674676
60,1,0,0,60,24.75295642161126
60,1,0,0,70,29.18791411209085
60,1,0,0,80,26.43587614111351
60,1,0,0,90,16.496842508679265
60,1,0,0,100,-0.6291867852119708
60,1,0,1,10,-125.63490351738801
60,1,0,1,20,-85.26496751962377
60,1,0,1,30,-52.08202718331643
60,1,0,1,40,-26.086082508466063
60,1,0,1,50,-7.277133495072661
60,1,0,1,60,4.344819856863921
60,1,0,1,70,8.779777547343514
60,1,0,1,80,6.027739576366173
60,1,0,1,90,-3.9112940560680727
60,1,0,1,100,-21.037323349959195
60,1,1,0,10,-164.74754358125222
60,1,1,0,20,-124.377607583488
60,1,1,0,30,-91.19466724718067
60,1,1,0,40,-65.19872257233033
60,1,1,0,50,-46.38977355893687
60,1,1,0,60,-34.767820207000284
60,1,1,0,70,-30.33286251652069
60,1,1,0,80,-33.08490048749803
60,1,1,0,90,-43.02393411993228
60,1,1,0,100,-60.14996341382346
60,1,1,1,10,-185.15568014599955
60,1,1,1,20,-144.78574414823532
60,1,1,1,30,-111.60280381192798
60,1,1,1,40,-85.60685913707762
60,1,1,1,50,-66.79791012368418
60,1,1,1,60,-55.17595677174762
60,1,1,1,70,-50.74099908126803
60,1,1,1,80,-53.49303705224537
60,1,1,1,90,-63.432070684679616
60,1,1,1,100,-80.5580999785708
70,0,0,0,10,-26.862763269684223
70,0,0,0,20,13.507172728080008
70,0,0,0,30,46.690113064387276
70,0,0,0,40,72.68605773923764
70,0,0,0,50,91.49500675263113
70,0,0,0,60,103.11696010456774
70,0,0,0,70,107.55191779504736
70,0,0,0,80,104.79987982406999
70,0,0,0,90,94.86084619163574
70,0,0,0,100,77.73481689774457
70,0,0,1,10,-47.27089983443156
70,0,0,1,20,-6.90096383666733
70,0,0,1,30,26.281976499639995
70,0,0,1,40,52.27792117449036
70,0,0,1,50,71.08687018788379
70,0,0,1,60,82.7088235398204
70,0,0,1,70,87.14378123030002
70,0,0,1,80,84.39174325932265
70,0,0,1,90,74.4527096268884
70,0,0,1,100,57.32668033299723
70,0,1,0,10,-86.38353989829578
70,0,1,0,20,-46.013603900531535
70,0,1,0,30,-12.83066356422421
70,0,1,0,40,13.165281110626097
70,0,1,0,50,31.974230124019556
70,0,1,0,60,43.596183475956195
70,0,1,0,70,48.03114116643579
70,0,1,0,80,45.27910319545845
70,0,1,0,90,35.3400695630242
70,0,1,0,100,18.214040269133022
70,0,1,1,10,-106.7916764630431
70,0,1,1,20,-66.42174046527887
70,0,1,1,30,-33.23880012897155
70,0,1,1,40,-7.242855454121184
70,0,1,1,50,11.566093559272275
70,0,1,1,60,23.188046911208858
70,0,1,1,70,27.62300460168845
70,0,1,1,80,24.87096663071111
70,0,1,1,90,14.931932998276864
70,0,1,1,100,-2.1940962956143153
70,1,0,0,10,-110.95594239265817
70,1,0,0,20,-70.58600639489393
70,1,0,0,30,-37.4030660585866
70,1,0,0,40,-11.40712138373624
70,1,0,0,50,7.40182762965722
70,1,0,0,60,19.023780981593745
70,1,0,0,70,23.458738672073338
70,1,0,0,80,20.706700701095997
70,1,0,0,90,10.767667068661751
70,1,0,0,100,-6.358362225229428
70,1,0,1,10,-131.3640789574055
70,1,0,1,20,-90.99414295964127
70,1,0,1,30,-57.81120262333394
70,1,0,1,40,-31.815257948483577
70,1,0,1,50,-13.006308935090118
70,1,0,1,60,-1.3843555831535355
70,1,0,1,70,3.050602107326057
70,1,0,1,80,0.29856413634871615
70,1,0,1,90,-9.64046949608553
70,1,0,1,100,-26.766498789976765
70,1,1,0,10,-170.4767190212697
70,1,1,0,20,-130.1067830235055
70,1,1,0,30,-96.92384268719816
70,1,1,0,40,-70.92789801234778
70,1,1,0,50,-52.11894899895435
70,1,1,0,60,-40.49699564701774
70,1,1,0,70,-36.06203795653815
70,1,1,0,80,-38.81407592751549
70,1,1,0,90,-48.753109559949735
70,1,1,0,100,-65.87913885384091
70,1,1,1,10,-190.884855586017
70,1,1,1,20,-150.51491958825278
70,1,1,1,30,-117.33197925194547
70,1,1,1,40,-91.3360345770951
70,1,1,1,50,-72.52708556370166
70,1,1,1,60,-60.90513221176508
70,1,1,1,70,-56.470174521285486
70,1,1,1,80,-59.22221249226283
70,1,1,1,90,-69.16124612469707
70,1,1,1,100,-86.28727541858825
80,0,0,0,10,-40.65025546226852
80,0,0,0,20,-0.2803194645042595
80,0,0,0,30,32.90262087180304
80,0,0,0,40,58.8985655466534
80,0,0,0,50,77.70751456004683
80,0,0,0,60,89.32946791198344
80,0,0,0,70,93.76442560246306
80,0,0,0,80,91.0123876314857
80,0,0,0,90,81.07335399905145
80,0,0,0,100,63.94732470516027
80,0,0,1,10,-61.05839202701583
80,0,0,1,20,-20.68845602925157
80,0,0,1,30,12.4944843070557
80,0,0,1,40,38.490428981906064
80,0,0,1,50,57.299377995299494
80,0,0,1,60,68.9213313472361
80,0,0,1,70,73.35628903771573
80,0,0,1,80,70.60425106673836
80,0,0,1,90,60.66521743430411
80,0,0,1,100,43.53918814041293
80,0,1,0,10,-100.17103209088003
80,0,1,0,20,-59.8010960931158
80,0,1,0,30,-26.618155756808505
80,0,1,0,40,-0.6222110819581417
80,0,1,0,50,18.186737931435317
80,0,1,0,60,29.8086912833719
80,0,1,0,70,34.24364897385149
80,0,1,0,80,31.49161100287415
80,0,1,0,90,21.552577370439906
80,0,1,0,100,4.426548076548727
80,0,1,1,10,-120.57916865562736
80,0,1,1,20,-80.20923265786313
80,0,1,1,30,-47.026292321555786
80,0,1,1,40,-21.030347646705422
80,0,1,1,50,-2.2213986333119635
80,0,1,1,60,9.400554718624562
80,0,1,1,70,13.835512409104155
80,0,1,1,80,11.083474438126814
80,0,1,1,90,1.1444408056925681
80,0,1,1,100,-15.98158848819861
80,1,0,0,10,-124.74343458524244
80,1,0,0,20,-84.37349858747821
80,1,0,0,30,-51.1905582511709
80,1,0,0,40,-25.194613576320535
80,1,0,0,50,-6.385664562927076
80,1,0,0,60,5.236288789009507
80,1,0,0,70,9.671246479489099
80,1,0,0,80,6.919208508511758
80,1,0,0,90,-3.0198251239224874
80,1,0,0,100,-20.14585441781361
80,1,0,1,10,-145.15157114998976
80,1,0,1,20,-104.78163515222553
80,1,0,1,30,-71.59869481591818
80,1,0,1,40,-45.602750141067816
80,1,0,1,50,-26.793801127674413
80,1,0,1,60,-15.171847775737831
80,1,0,1,70,-10.736890085258239
80,1,0,1,80,-13.48892805623558
80,1,0,1,90,-23.427961688669825
80,1,0,1,100,-40.55399098256095
80,1,1,0,10,-184.26421121385397
80,1,1,0,20,-143.89427521608974
80,1,1,0,30,-110.71133487978243
80,1,1,0,40,-84.71539020493206
80,1,1,0,50,-65.90644119153862
80,1,1,0,60,-54.284487839602036
80,1,1,0,70,-49.849530149122444
80,1,1,0,80,-52.601568120099785
80,1,1,0,90,-62.54060175253403
80,1,1,0,100,-79.66663104642521
80,1,1,1,10,-204.67234777860128
80,1,1,1,20,-164.30241178083708
80,1,1,1,30,-131.11947144452972
80,1,1,1,40,-105.12352676967937
80,1,1,1,50,-86.31457775628593
80,1,1,1,60,-74.69262440434932
80,1,1,1,70,-70.25766671386972
80,1,1,1,80,-73.00970468484707
80,1,1,1,90,-82.94873831728131
80,1,1,1,100,-100.07476761117249
90,0,0,0,10,-62.49606440741948
90,0,0,0,20,-22.126128409655223
90,0,0,0,30,11.056811926652074
90,0,0,0,40,37.05275660150244
90,0,0,0,50,55.861705614895925
90,0,0,0,60,67.48365896683248
90,0,0,0,70,71.91861665731204
90,0,0,0,80,69.16657868633473
90,0,0,0,90,59.22754505390043
90,0,0,0,100,42.10151576000925
90,0,0,1,10,-82.90420097216679
90,0,0,1,20,-42.53426497440253
90,0,0,1,30,-9.351324638095264
90,0,0,1,40,16.6446200367551
90,0,0,1,50,35.45356905014856
90,0,0,1,60,47.07552240208514
90,0,0,1,70,51.510480092564734
90,0,0,1,80,48.75844212158739
90,0,0,1,90,38.819408489153204
90,0,0,1,100,21.693379195262025
90,0,1,0,10,-122.016841036031
90,0,1,0,20,-81.64690503826678
90,0,1,0,30,-48.46396470195947
90,0,1,0,40,-22.468020027109105
90,0,1,0,50,-3.6590710137156464
90,0,1,0,60,7.962882338220936
90,0,1,0,70,12.397840028700529
90,0,1,0,80,9.645802057723188
90,0,1,0,90,-0.2932315747110579
90,0,1,0,100,-17.41926086860218
90,0,1,1,10,-142.4249776007783
90,0,1,1,20,-102.05504160301409
90,0,1,1,30,-68.87210126670675
90,0,1,1,40,-42.876156591856386
90,0,1,1,50,-24.067207578462984
90,0,1,1,60,-12.445254226526401
90,0,1,1,70,-8.010296536046809
90,0,1,1,80,-10.76233450702415
90,0,1,1,90,-20.701368139458395
90,0,1,1,100,-37.82739743334952
90,1,0,0,10,-146.5892435303934
90,1,0,0,20,-106.21930753262917
90,1,0,0,30,-73.03636719632186
90,1,0,0,40,-47.0404225214715
90,1,0,0,50,-28.23147350807804
90,1,0,0,60,-16.609520156141457
90,1,0,0,70,-12.174562465661865
90,1,0,0,80,-14.926600436639205
90,1,0,0,90,-24.86563406907345
90,1,0,0,100,-41.99166336296463
90,1,0,1,10,-166.99738009514073
90,1,0,1,20,-126.6274440973765
90,1,0,1,30,-93.44450376106916
90,1,0,1,40,-67.44855908621878
90,1,0,1,50,-48.63961007282535
90,1,0,1,60,-37.017656720888795
90,1,0,1,70,-32.5826990304092
90,1,0,1,80,-35.33473700138654
90,1,0,1,90,-45.27377063382079
90,1,0,1,100,-62.39979992771197
90,1,1,0,10,-206.11002015900493
90,1,1,0,20,-165.7400841612407
90,1,1,0,30,-132.5571438249334
90,1,1,0,40,-106.56119915008303
90,1,1,0,50,-87.75225013668958
90,1,1,0,60,-76.130296784753
90,1,1,0,70,-71.69533909427341
90,1,1,0,80,-74.44737706525075
90,1,1,0,90,-84.386410697685
90,1,1,0,100,-101.51243999157617
90,1,1,1,10,-226.51815672375224
90,1,1,1,20,-186.148220725988
90,1,1,1,30,-152.9652803896807
90,1,1,1,40,-126.96933571483034
90,1,1,1,50,-108.16038670143689
90,1,1,1,60,-96.53843334950031
90,1,1,1,70,-92.10347565902075
90,1,1,1,80,-94.85551362999809
90,1,1,1,90,-104.79454726243233
90,1,1,1,100,-121.92057655632351
100,0,0,0,10,-92.40019010513727
100,0,0,0,20,-52.030254107373025
100,0,0,0,30,-18.84731377106573
100,0,0,0,40,7.148630903784635
100,0,0,0,50,25.957579917178094
100,0,0,0,60,37.57953326911468
100,0,0,0,70,42.01449095959427
100,0,0,0,80,39.26245298861693
100,0,0,0,90,29.323419356182683
100,0,0,0,100,12.197390062291504
100,0,0,1,10,-112.8083266698846
100,0,0,1,20,-72.43839067212033
100,0,0,1,30,-39.255450335813066
100,0,0,1,40,-13.259505660962702
100,0,0,1,50,5.549443352430757
100,0,0,1,60,17.17139670436734
100,0,0,1,70,21.60635439484693
100,0,0,1,80,18.85431642386959
100,0,0,1,90,8.915282791435345
100,0,0,1,100,-8.210746502455834
100,0,1,0,10,-151.9209667337488
100,0,1,0,20,-111.55103073598458
100,0,1,0,30,-78.36809039967726
100,0,1,0,40,-52.37214572482691
100,0,1,0,50,-33.56319671143345
100,0,1,0,60,-21.941243359496866
100,0,1,0,70,-17.506285669017274
100,0,1,0,80,-20.258323639994614
100,0,1,0,90,-30.19735727242886
100,0,1,0,100,-47.32338656632004
100,0,1,1,10,-172.3291032984961
100,0,1,1,20,-131.9591673007319
100,0,1,1,30,-98.77622696442457
100,0,1,1,40,-72.78028228957419
100,0,1,1,50,-53.97133327618076
100,0,1,1,60,-42.349379924244204
100,0,1,1,70,-37.91442223376461
100,0,1,1,80,-40.66646020474195
100,0,1,1,90,-50.6054938371762
100,0,1,1,100,-67.73152313106738
100,1,0,0,10,-176.4933692281112
100,1,0,0,20,-136.12343323034696
100,1,0,0,30,-102.94049289403965
100,1,0,0,40,-76.94454821918929
100,1,0,0,50,-58.13559920579584
100,1,0,0,60,-46.51364585385926
100,1,0,0,70,-42.07868816337967
100,1,0,0,80,-44.83072613435701
100,1,0,0,90,-54.76975976679125
100,1,0,0,100,-71.89578906068243
100,1,0,1,10,-196.90150579285853
100,1,0,1,20,-156.5315697950943
100,1,0,1,30,-123.34862945878697
100,1,0,1,40,-97.35268478393662
100,1,0,1,50,-78.54373577054318
100,1,0,1,60,-66.9217824186066
100,1,0,1,70,-62.486824728127004
100,1,0,1,80,-65.23886269910435
100,1,0,1,90,-75.17789633153859
100,1,0,1,100,-92.30392562542977
100,1,1,0,10,-236.01414585672273
100,1,1,0,20,-195.6442098589585
100,1,1,0,30,-162.4612695226512
100,1,1,0,40,-136.46532484780084
100,1,1,0,50,-117.65637583440738
100,1,1,0,60,-106.0344224824708
100,1,1,0,70,-101.59946479199121
100,1,1,0,80,-104.35150276296855
100,1,1,0,90,-114.2905363954028
100,1,1,0,100,-131.41656568929398
100,1,1,1,10,-256.4222824214701
100,1,1,1,20,-216.05234642370584
100,1,1,1,30,-182.86940608739852
100,1,1,1,40,-156.87346141254815
100,1,1,1,50,-138.06451239915472
100,1,1,1,60,-126.44255904721814
100,1,1,1,70,-122.00760135673855
100,1,1,1,80,-124.75963932771589
100,1,1,1,90,-134.69867296015013
100,1,1,1,100,-151.8247022540413
