50,1,0,0,10,-2611.3107157942254
50,1,0,0,20,-1534.9903324465495
50,1,0,0,30,-660.4204930928063
50,1,0,0,40,12.398802267006431
50,1,0,0,50,483.46755363288685
50,1,0,0,60,752.7857610048359
50,1,0,0,70,820.3534243828526
50,1,0,0,80,686.170543766938
50,1,0,0,90,350.237119157091
50,1,0,0,100,-187.44684944668734
50,1,0,1,10,-3187.1849021852595
50,1,0,1,20,-2110.864518837584
50,1,0,1,30,-1236.29467948384
50,1,0,1,40,-563.4753841240272
50,1,0,1,50,-92.40663275814586
50,1,0,1,60,176.91157461380135
50,1,0,1,70,244.47923799181808
50,1,0,1,80,110.29635737590343
50,1,0,1,90,-225.63706723394353
50,1,0,1,100,-763.3210358377219
50,1,1,0,10,-4007.1443357579165
50,1,1,0,20,-2930.8239524102405
50,1,1,0,30,-2056.2541130564964
50,1,1,0,40,-1383.4348176966841
50,1,1,0,50,-912.3660663308037
50,1,1,0,60,-643.0478589588547
50,1,1,0,70,-575.480195580838
50,1,1,0,80,-709.6630761967526
50,1,1,0,90,-1045.5965008065996
50,1,1,0,100,-1583.280469410378
50,1,1,1,10,-4583.01852214895
50,1,1,1,20,-3506.6981388012746
50,1,1,1,30,-2632.12829944753
50,1,1,1,40,-1959.3090040877178
50,1,1,1,50,-1488.240252721837
50,1,1,1,60,-1218.9220453498892
50,1,1,1,70,-1151.3543819718725
50,1,1,1,80,-1285.5372625877872
50,1,1,1,90,-1621.470687197634
50,1,1,1,100,-2159.1546558014124
60,0,0,0,10,-455.62968288893444
60,0,0,0,20,620.690700458742
60,0,0,0,30,1495.260539812486
60,0,0,0,40,2168.0798351722988
60,0,0,0,50,2639.14858653818
60,0,0,0,60,2908.4667939101273
60,0,0,0,70,2976.034457288144
60,0,0,0,80,2841.8515766722303
60,0,0,0,90,2505.9181520623824
60,0,0,0,100,1968.234183458606
60,0,0,1,10,-1031.503869279968
60,0,0,1,20,44.81651406770743
60,0,0,1,30,919.3863534214515
60,0,0,1,40,1592.2056487812642
60,0,0,1,50,2063.2744001471456
60,0,0,1,60,2332.592607519093
60,0,0,1,70,2400.1602708971095
60,0,0,1,80,2265.977390281195
60,0,0,1,90,1930.043965671348
60,0,0,1,100,1392.3599970675696
60,0,1,0,10,-1851.4633028526246
60,0,1,0,20,-775.1429195049486
60,0,1,0,30,99.42691984879548
60,0,1,0,40,772.2462152086082
60,0,1,0,50,1243.3149665744895
60,0,1,0,60,1512.6331739464367
60,0,1,0,70,1580.2008373244535
60,0,1,0,80,1446.0179567085388
60,0,1,0,90,1110.0845320986919
60,0,1,0,100,572.4005634949135
60,0,1,1,10,-2427.337489243658
60,0,1,1,20,-1351.0171058959822
60,0,1,1,30,-476.44726654223905
60,0,1,1,40,196.37202881757366
60,0,1,1,50,667.440780183455
60,0,1,1,60,936.758987555404
60,0,1,1,70,1004.3266509334208
60,0,1,1,80,870.1437703175061
60,0,1,1,90,534.2103457076591
60,0,1,1,100,-3.4736228961191955
60,1,0,0,10,-2538.6608489549476
60,1,0,0,20,-1462.3404656072717
60,1,0,0,30,-587.7706262535285
60,1,0,0,40,85.04866910628425
60,1,0,0,50,556.1174204721647
60,1,0,0,60,825.4356278441137
60,1,0,0,70,893.0032912221304
60,1,0,0,80,758.8204106062158
60,1,0,0,90,422.8869859963688
60,1,0,0,100,-114.79698260740952
60,1,0,1,10,-3114.5350353459817
60,1,0,1,20,-2038.2146519983062
60,1,0,1,30,-1163.644812644562
60,1,0,1,40,-490.82551728474937
60,1,0,1,50,-19.75676591886804
60,1,0,1,60,249.56144145307917
60,1,0,1,70,317.1291048310959
60,1,0,1,80,182.94622421518125
60,1,0,1,90,-152.9872003946657
60,1,0,1,100,-690.671168998444
60,1,1,0,10,-3934.4944689186386
60,1,1,0,20,-2858.1740855709627
60,1,1,0,30,-1983.6042462172186
60,1,1,0,40,-1310.7849508574063
60,1,1,0,50,-839.7161994915259
60,1,1,0,60,-570.3979921195769
60,1,1,0,70,-502.83032874156015
60,1,1,0,80,-637.0132093574748
60,1,1,0,90,-972.9466339673218
60,1,1,0,100,-1510.6306025711
60,1,1,1,10,-4510.368655309672
60,1,1,1,20,-3434.0482719619968
60,1,1,1,30,-2559.478432608252
60,1,1,1,40,-1886.65913724844
60,1,1,1,50,-1415.590385882559
60,1,1,1,60,-1146.2721785106114
60,1,1,1,70,-1078.7045151325947
60,1,1,1,80,-1212.8873957485093
60,1,1,1,90,-1548.8208203583563
60,1,1,1,100,-2086.5047889621346
70,0,0,0,10,-599.161935841621
70,0,0,0,20,477.1584475060545
70,0,0,0,30,1351.7282868597986
70,0,0,0,40,2024.5475822196113
70,0,0,0,50,2495.6163335854926
70,0,0,0,60,2764.93454095744
70,0,0,0,70,2832.5022043354566
70,0,0,0,80,2698.319323719542
70,0,0,0,90,2362.385899109695
70,0,0,0,100,1824.7019305059166
70,0,0,1,10,-1175.0361222326546
70,0,0,1,20,-98.71573888497824
70,0,0,1,30,775.854100468765
70,0,0,1,40,1448.6733958285768
70,0,0,1,50,1919.742147194458
70,0,0,1,60,2189.060354566407
70,0,0,1,70,2256.628017944424
70,0,0,1,80,2122.445137328509
70,0,0,1,90,1786.5117127186622
70,0,0,1,100,1248.827744114884
70,0,1,0,10,-1994.9955558053111
70,0,1,0,20,-918.6751724576361
70,0,1,0,30,-44.10533310389201
70,0,1,0,40,628.7139622559207
70,0,1,0,50,1099.782713621802
70,0,1,0,60,1369.1009209937492
70,0,1,0,70,1436.668584371766
70,0,1,0,80,1302.4857037558513
70,0,1,0,90,966.5522791460044
70,0,1,0,100,428.868310542226
70,0,1,1,10,-2570.869742196345
70,0,1,1,20,-1494.5493588486697
70,0,1,1,30,-619.9795194949256
70,0,1,1,40,52.83977586488709
70,0,1,1,50,523.9085272307675
70,0,1,1,60,793.2267346027165
70,0,1,1,70,860.7943979807333
70,0,1,1,80,726.6115173648186
70,0,1,1,90,390.67809275497166
70,0,1,1,100,-147.00587584880668
70,1,0,0,10,-2682.193101907635
70,1,0,0,20,-1605.8727185599591
70,1,0,0,30,-731.302879206215
70,1,0,0,40,-58.483583846402325
70,1,0,0,50,412.585167519479
70,1,0,0,60,681.9033748914262
70,1,0,0,70,749.4710382694429
70,1,0,0,80,615.2881576535283
70,1,0,0,90,279.35473304368134
70,1,0,0,100,-258.329235560097
70,1,0,1,10,-3258.0672882986687
70,1,0,1,20,-2181.7469049509928
70,1,0,1,30,-1307.1770655972496
70,1,0,1,40,-634.3577702374369
70,1,0,1,50,-163.28901887155553
70,1,0,1,60,106.0291885003935
70,1,0,1,70,173.59685187841023
70,1,0,1,80,39.41397126249558
70,1,0,1,90,-296.5194533473514
70,1,0,1,100,-834.2034219511297
70,1,1,0,10,-4078.0267218713257
70,1,1,0,20,-3001.7063385236497
70,1,1,0,30,-2127.136499169905
70,1,1,0,40,-1454.317203810093
70,1,1,0,50,-983.2484524442116
70,1,1,0,60,-713.9302450722644
70,1,1,0,70,-646.3625816942476
70,1,1,0,80,-780.5454623101623
70,1,1,0,90,-1116.4788869200092
70,1,1,0,100,-1654.1628555237876
70,1,1,1,10,-4653.90090826236
70,1,1,1,20,-3577.5805249146833
70,1,1,1,30,-2703.0106855609397
70,1,1,1,40,-2030.1913902011274
70,1,1,1,50,-1559.1226388352466
70,1,1,1,60,-1289.804431463299
70,1,1,1,70,-1222.2367680852803
70,1,1,1,80,-1356.419648701195
70,1,1,1,90,-1692.353073311042
70,1,1,1,100,-2230.0370419148203
80,0,0,0,10,-958.8763085862711
80,0,0,0,20,117.44407476140532
80,0,0,0,30,992.0139141151485
80,0,0,0,40,1664.8332094749603
80,0,0,0,50,2135.9019608408416
80,0,0,0,60,2405.2201682127907
80,0,0,0,70,2472.7878315908074
80,0,0,0,80,2338.6049509748927
80,0,0,0,90,2002.6715263650458
80,0,0,0,100,1464.9875577612675
80,0,0,1,10,-1534.7504949773042
80,0,0,1,20,-458.4301116296292
80,0,0,1,30,416.1397277241149
80,0,0,1,40,1088.9590230839276
80,0,0,1,50,1560.027774449809
80,0,0,1,60,1829.345981821758
80,0,0,1,70,1896.9136451997747
80,0,0,1,80,1762.73076458386
80,0,0,1,90,1426.797339974013
80,0,0,1,100,889.1133713702347
80,0,1,0,10,-2354.709928549961
80,0,1,0,20,-1278.3895452022853
80,0,1,0,30,-403.81970584854207
80,0,1,0,40,268.99958951127064
80,0,1,0,50,740.0683408771511
80,0,1,0,60,1009.3865482491001
80,0,1,0,70,1076.9542116271168
80,0,1,0,80,942.7713310112022
80,0,1,0,90,606.8379064013552
80,0,1,0,100,69.15393779757687
80,0,1,1,10,-2930.5841149409953
80,0,1,1,20,-1854.2637315933198
80,0,1,1,30,-979.6938922395757
80,0,1,1,40,-306.874596879763
80,0,1,1,50,164.19415448611835
80,0,1,1,60,433.51236185806556
80,0,1,1,70,501.0800252360823
80,0,1,1,80,366.89714462016764
80,0,1,1,90,30.963720010320685
80,0,1,1,100,-506.72024859345765
80,1,0,0,10,-3041.907474652285
80,1,0,0,20,-1965.5870913046092
80,1,0,0,30,-1091.017251950866
80,1,0,0,40,-418.1979565910533
80,1,0,0,50,52.87079477482803
80,1,0,0,60,322.18900214677706
80,1,0,0,70,389.7566655247938
80,1,0,0,80,255.57378490887913
80,1,0,0,90,-80.35963970096782
80,1,0,0,100,-618.0436083047462
80,1,0,1,10,-3617.781661043319
80,1,0,1,20,-2541.461277695643
80,1,0,1,30,-1666.8914383418992
80,1,0,1,40,-994.0721429820869
80,1,0,1,50,-523.0033916162065
80,1,0,1,60,-253.68518424425747
80,1,0,1,70,-186.11752086624074
80,1,0,1,80,-320.3004014821554
80,1,0,1,90,-656.2338260920023
80,1,0,1,100,-1193.9177946957807
80,1,1,0,10,-4437.741094615976
80,1,1,0,20,-3361.4207112683
80,1,1,0,30,-2486.8508719145557
80,1,1,0,40,-1814.0315765547439
80,1,1,0,50,-1342.962825188863
80,1,1,0,60,-1073.6446178169135
80,1,1,0,70,-1006.0769544388968
80,1,1,0,80,-1140.2598350548114
80,1,1,0,90,-1476.1932596646584
80,1,1,0,100,-2013.8772282684367
80,1,1,1,10,-5013.61528100701
80,1,1,1,20,-3937.2948976593334
80,1,1,1,30,-3062.7250583055898
80,1,1,1,40,-2389.9057629457775
80,1,1,1,50,-1918.8370115798966
80,1,1,1,60,-1649.5188042079485
80,1,1,1,70,-1581.9511408299313
80,1,1,1,80,-1716.134021445846
80,1,1,1,90,-2052.067446055693
80,1,1,1,100,-2589.7514146594713
90,0,0,0,10,-1534.772801122887
90,0,0,0,20,-458.45241777521096
90,0,0,0,30,416.11742157853223
90,0,0,0,40,1088.936716938345
90,0,0,0,50,1560.0054683042254
90,0,0,0,60,1829.3236756761744
90,0,0,0,70,1896.8913390541911
90,0,0,0,80,1762.7084584382765
90,0,0,0,90,1426.7750338284295
90,0,0,0,100,889.0910652246512
90,0,0,1,10,-2110.646987513921
90,0,0,1,20,-1034.3266041662455
90,0,0,1,30,-159.7567648125014
90,0,0,1,40,513.0625305473113
90,0,0,1,50,984.1312819131927
90,0,0,1,60,1253.4494892851399
90,0,0,1,70,1321.0171526631566
90,0,0,1,80,1186.834272047242
90,0,0,1,90,850.900847437395
90,0,0,1,100,313.21687883361665
90,0,1,0,10,-2930.6064210865775
90,0,1,0,20,-1854.286037738902
90,0,1,0,30,-979.7161983851583
90,0,1,0,40,-306.89690302534564
90,0,1,0,50,164.17184834053478
90,0,1,0,60,433.4900557124838
90,0,1,0,70,501.05771909050054
90,0,1,0,80,366.8748384745859
90,0,1,0,90,30.941413864738934
90,0,1,0,100,-506.7425547390394
90,0,1,1,10,-3506.4806074776116
90,0,1,1,20,-2430.160224129936
90,0,1,1,30,-1555.5903847761915
90,0,1,1,40,-882.7710894163793
90,0,1,1,50,-411.70233805049793
90,0,1,1,60,-142.38413067855072
90,0,1,1,70,-74.81646730053399
90,0,1,1,80,-208.99934791644864
90,0,1,1,90,-544.9327725262956
90,0,1,1,100,-1082.616741130074
90,1,0,0,10,-3617.8039671889014
90,1,0,0,20,-2541.4835838412255
90,1,0,0,30,-1666.9137444874818
90,1,0,0,40,-994.0944491276696
90,1,0,0,50,-523.0256977617883
90,1,0,0,60,-253.70749038983922
90,1,0,0,70,-186.1398270118225
90,1,0,0,80,-320.32270762773715
90,1,0,0,90,-656.2561322375841
90,1,0,0,100,-1193.9401008413624
90,1,0,1,10,-4193.6781535799355
90,1,0,1,20,-3117.357770232259
90,1,0,1,30,-2242.7879308785155
90,1,0,1,40,-1569.9686355187032
90,1,0,1,50,-1098.8998841528228
90,1,0,1,60,-829.5816767808737
90,1,0,1,70,-762.014013402857
90,1,0,1,80,-896.1968940187717
90,1,0,1,90,-1232.1303186286186
90,1,0,1,100,-1769.814287232397
90,1,1,0,10,-5013.6375871525925
90,1,1,0,20,-3937.317203804916
90,1,1,0,30,-3062.747364451172
90,1,1,0,40,-2389.92806909136
90,1,1,0,50,-1918.8593177254793
90,1,1,0,60,-1649.5411103535303
90,1,1,0,70,-1581.973446975513
90,1,1,0,80,-1716.1563275914277
90,1,1,0,90,-2052.0897522012747
90,1,1,0,100,-2589.773720805053
90,1,1,1,10,-5589.511773543626
90,1,1,1,20,-4513.19139019595
90,1,1,1,30,-3638.621550842206
90,1,1,1,40,-2965.802255482394
90,1,1,1,50,-2494.733504116513
90,1,1,1,60,-2225.415296744565
90,1,1,1,70,-2157.8476333665476
90,1,1,1,80,-2292.0305139824623
90,1,1,1,90,-2627.963938592309
90,1,1,1,100,-3165.6479071960875
100,0,0,0,10,-2326.8514134514667
100,0,0,0,20,-1250.5310301037907
100,0,0,0,30,-375.96119075004754
100,0,0,0,40,296.8581046097652
100,0,0,0,50,767.9268559756456
100,0,0,0,60,1037.2450633475946
100,0,0,0,70,1104.8127267256114
100,0,0,0,80,970.6298461096967
100,0,0,0,90,634.6964214998497
100,0,0,0,100,97.01245289607141
100,0,0,1,10,-2902.7255998425007
100,0,0,1,20,-1826.4052164948253
100,0,0,1,30,-951.8353771410812
100,0,0,1,40,-279.01608178126844
100,0,0,1,50,192.0526695846129
100,0,0,1,60,461.3708769565601
100,0,0,1,70,528.9385403345768
100,0,0,1,80,394.7556597186622
100,0,0,1,90,58.82223510881522
100,0,0,1,100,-478.8617334949631
100,0,1,0,10,-3722.6850334151577
100,0,1,0,20,-2646.3646500674818
100,0,1,0,30,-1771.7948107137377
100,0,1,0,40,-1098.9755153539254
100,0,1,0,50,-627.906763988045
100,0,1,0,60,-358.58855661609596
100,0,1,0,70,-291.0208932380792
100,0,1,0,80,-425.2037738539939
100,0,1,0,90,-761.1371984638408
100,0,1,0,100,-1298.8211670676192
100,0,1,1,10,-4298.559219806191
100,0,1,1,20,-3222.238836458516
100,0,1,1,30,-2347.6689971047713
100,0,1,1,40,-1674.849701744959
100,0,1,1,50,-1203.7809503790777
100,0,1,1,60,-934.4627430071305
100,0,1,1,70,-866.8950796291138
100,0,1,1,80,-1001.0779602450284
100,0,1,1,90,-1337.0113848548754
100,0,1,1,100,-1874.6953534586537
100,1,0,0,10,-4409.882579517482
100,1,0,0,20,-3333.5621961698052
100,1,0,0,30,-2458.992356816061
100,1,0,0,40,-1786.1730614562493
100,1,0,0,50,-1315.104310090368
100,1,0,0,60,-1045.786102718419
100,1,0,0,70,-978.2184393404023
100,1,0,0,80,-1112.401319956317
100,1,0,0,90,-1448.3347445661639
100,1,0,0,100,-1986.0187131699422
100,1,0,1,10,-4985.756765908515
100,1,0,1,20,-3909.436382560839
100,1,0,1,30,-3034.866543207095
100,1,0,1,40,-2362.047247847283
100,1,0,1,50,-1890.978496481402
100,1,0,1,60,-1621.660289109454
100,1,0,1,70,-1554.0926257314368
100,1,0,1,80,-1688.2755063473514
100,1,0,1,90,-2024.2089309571984
100,1,0,1,100,-2561.8928995609767
100,1,1,0,10,-5805.716199481172
100,1,1,0,20,-4729.395816133496
100,1,1,0,30,-3854.8259767797517
100,1,1,0,40,-3182.006681419939
100,1,1,0,50,-2710.937930054059
100,1,1,0,60,-2441.61972268211
100,1,1,0,70,-2374.052059304093
100,1,1,0,80,-2508.2349399200075
100,1,1,0,90,-2844.1683645298544
100,1,1,0,100,-3381.852333133633
100,1,1,1,10,-6381.590385872206
100,1,1,1,20,-5305.270002524529
100,1,1,1,30,-4430.700163170786
100,1,1,1,40,-3757.8808678109735
100,1,1,1,50,-3286.8121164450927
100,1,1,1,60,-3017.4939090731446
100,1,1,1,70,-2949.9262456951274
100,1,1,1,80,-3084.109126311042
100,1,1,1,90,-3420.042550920889
100,1,1,1,100,-3957.7265195246673
