0,0,0,0,10,-4134.260680804072
0,0,0,0,20,-3057.940297456396
0,0,0,0,30,-2183.370458102652
0,0,0,0,40,-1510.5511627428396
0,0,0,0,50,-1039.4824113769591
0,0,0,0,60,-770.1642040050101
0,0,0,0,70,-702.5965406269934
0,0,0,0,80,-836.779421242908
0,0,0,0,90,-1172.712845852755
0,0,0,0,100,-1710.3968144565333
0,0,0,1,10,-4710.1348671951055
0,0,0,1,20,-3633.81448384743
0,0,0,1,30,-2759.2446444936854
0,0,0,1,40,-2086.425349133873
0,0,0,1,50,-1615.3565977679923
0,0,0,1,60,-1346.0383903960442
0,0,0,1,70,-1278.470727018028
0,0,0,1,80,-1412.6536076339426
0,0,0,1,90,-1748.5870322437895
0,0,0,1,100,-2286.271000847568
0,0,1,0,10,-5530.094300767762
0,0,1,0,20,-4453.773917420087
0,0,1,0,30,-3579.2040780663424
0,0,1,0,40,-2906.38478270653
0,0,1,0,50,-2435.3160313406493
0,0,1,0,60,-2165.997823968701
0,0,1,0,70,-2098.430160590684
0,0,1,0,80,-2232.6130412065986
0,0,1,0,90,-2568.5464658164456
0,0,1,0,100,-3106.230434420224
0,0,1,1,10,-6105.968487158796
0,0,1,1,20,-5029.648103811121
0,0,1,1,30,-4155.078264457376
0,0,1,1,40,-3482.2589690975637
0,0,1,1,50,-3011.190217731683
0,0,1,1,60,-2741.8720103597348
0,0,1,1,70,-2674.3043469817176
0,0,1,1,80,-2808.487227597633
0,0,1,1,90,-3144.42065220748
0,0,1,1,100,-3682.1046208112584
0,1,0,0,10,-6217.291846870086
0,1,0,0,20,-5140.97146352241
0,1,0,0,30,-4266.401624168666
0,1,0,0,40,-3593.582328808853
0,1,0,0,50,-3122.513577442973
0,1,0,0,60,-2853.195370071024
0,1,0,0,70,-2785.627706693007
0,1,0,0,80,-2919.8105873089216
0,1,0,0,90,-3255.7440119187686
0,1,0,0,100,-3793.427980522547
0,1,0,1,10,-6793.16603326112
0,1,0,1,20,-5716.845649913444
0,1,0,1,30,-4842.2758105597
0,1,0,1,40,-4169.456515199888
0,1,0,1,50,-3698.387763834007
0,1,0,1,60,-3429.0695564620587
0,1,0,1,70,-3361.5018930840415
0,1,0,1,80,-3495.684773699956
0,1,0,1,90,-3831.618198309803
0,1,0,1,100,-4369.3021669135815
0,1,1,0,10,-7613.125466833777
0,1,1,0,20,-6536.805083486101
0,1,1,0,30,-5662.2352441323565
0,1,1,0,40,-4989.415948772544
0,1,1,0,50,-4518.347197406663
0,1,1,0,60,-4249.028990034714
0,1,1,0,70,-4181.461326656698
0,1,1,0,80,-4315.644207272612
0,1,1,0,90,-4651.577631882459
0,1,1,0,100,-5189.2616004862375
0,1,1,1,10,-8188.99965322481
0,1,1,1,20,-7112.679269877135
0,1,1,1,30,-6238.109430523391
0,1,1,1,40,-5565.290135163578
0,1,1,1,50,-5094.221383797698
0,1,1,1,60,-4824.903176425749
0,1,1,1,70,-4757.335513047732
0,1,1,1,80,-4891.518393663647
0,1,1,1,90,-5227.451818273494
0,1,1,1,100,-5765.135786877272
10,0,0,0,10,-2980.7002150049707
10,0,0,0,20,-1904.3798316572947
10,0,0,0,30,-1029.8099923035506
10,0,0,0,40,-356.99069694373793
10,0,0,0,50,114.0780544221434
10,0,0,0,60,383.3962617940906
10,0,0,0,70,450.96392517210734
10,0,0,0,80,316.7810445561927
10,0,0,0,90,-19.15238005365427
10,0,0,0,100,-556.8363486574326
10,0,0,1,10,-3556.5744013960048
10,0,0,1,20,-2480.2540180483284
10,0,0,1,30,-1605.6841786945847
10,0,0,1,40,-932.8648833347725
10,0,0,1,50,-461.79613196889113
10,0,0,1,60,-192.4779245969421
10,0,0,1,70,-124.91026121892537
10,0,0,1,80,-259.09314183484
10,0,0,1,90,-595.026566444687
10,0,0,1,100,-1132.7105350484653
10,0,1,0,10,-4376.533834968661
10,0,1,0,20,-3300.2134516209853
10,0,1,0,30,-2425.643612267241
10,0,1,0,40,-1752.8243169074285
10,0,1,0,50,-1281.7555655415472
10,0,1,0,60,-1012.4373581696
10,0,1,0,70,-944.8696947915832
10,0,1,0,80,-1079.052575407498
10,0,1,0,90,-1414.9860000173448
10,0,1,0,100,-1952.6699686211232
10,0,1,1,10,-4952.408021359695
10,0,1,1,20,-3876.087638012019
10,0,1,1,30,-3001.5177986582753
10,0,1,1,40,-2328.698503298463
10,0,1,1,50,-1857.6297519325822
10,0,1,1,60,-1588.311544560634
10,0,1,1,70,-1520.743881182616
10,0,1,1,80,-1654.9267617985306
10,0,1,1,90,-1990.8601864083776
10,0,1,1,100,-2528.544155012156
10,1,0,0,10,-5063.731381070985
10,1,0,0,20,-3987.410997723309
10,1,0,0,30,-3112.8411583695647
10,1,0,0,40,-2440.0218630097525
10,1,0,0,50,-1968.9531116438716
10,1,0,0,60,-1699.6349042719235
10,1,0,0,70,-1632.0672408939063
10,1,0,0,80,-1766.250121509821
10,1,0,0,90,-2102.183546119668
10,1,0,0,100,-2639.867514723446
10,1,0,1,10,-5639.605567462018
10,1,0,1,20,-4563.285184114343
10,1,0,1,30,-3688.7153447605983
10,1,0,1,40,-3015.896049400786
10,1,0,1,50,-2544.827298034905
10,1,0,1,60,-2275.509090662957
10,1,0,1,70,-2207.94142728494
10,1,0,1,80,-2342.1243079008555
10,1,0,1,90,-2678.0577325107024
10,1,0,1,100,-3215.7417011144807
10,1,1,0,10,-6459.565001034675
10,1,1,0,20,-5383.244617686999
10,1,1,0,30,-4508.674778333256
10,1,1,0,40,-3835.855482973443
10,1,1,0,50,-3364.786731607562
10,1,1,0,60,-3095.468524235614
10,1,1,0,70,-3027.900860857597
10,1,1,0,80,-3162.0837414735115
10,1,1,0,90,-3498.0171660833585
10,1,1,0,100,-4035.701134687137
10,1,1,1,10,-7035.439187425709
10,1,1,1,20,-5959.118804078033
10,1,1,1,30,-5084.548964724289
10,1,1,1,40,-4411.729669364477
10,1,1,1,50,-3940.660917998596
10,1,1,1,60,-3671.3427106266477
10,1,1,1,70,-3603.7750472486305
10,1,1,1,80,-3737.957927864545
10,1,1,1,90,-4073.891352474393
10,1,1,1,100,-4611.575321078171
20,0,0,0,10,-2043.3218689978335
20,0,0,0,20,-967.0014856501575
20,0,0,0,30,-92.43164629641433
20,0,0,0,40,580.3876490633984
20,0,0,0,50,1051.4564004292806
20,0,0,0,60,1320.7746078012278
20,0,0,0,70,1388.3422711792446
20,0,0,0,80,1254.15939056333
20,0,0,0,90,918.225965953483
20,0,0,0,100,380.5419973497046
20,0,0,1,10,-2619.1960553888675
20,0,0,1,20,-1542.875672041192
20,0,0,1,30,-668.305832687448
20,0,0,1,40,4.513462672364767
20,0,0,1,50,475.5822140382461
20,0,0,1,60,744.9004214101933
20,0,0,1,70,812.46808478821
20,0,0,1,80,678.2852041722954
20,0,0,1,90,342.3517795624484
20,0,0,1,100,-195.3321890413299
20,0,1,0,10,-3439.1554889615245
20,0,1,0,20,-2362.8351056138486
20,0,1,0,30,-1488.2652662601045
20,0,1,0,40,-815.4459709002922
20,0,1,0,50,-344.3772195344118
20,0,1,0,60,-75.05901216246275
20,0,1,0,70,-7.491348784446018
20,0,1,0,80,-141.67422940036067
20,0,1,0,90,-477.6076540102076
20,0,1,0,100,-1015.291622613986
20,0,1,1,10,-4015.029675352558
20,0,1,1,20,-2938.7092920048826
20,0,1,1,30,-2064.139452651138
20,0,1,1,40,-1391.3201572913258
20,0,1,1,50,-920.2514059254445
20,0,1,1,60,-650.9331985534973
20,0,1,1,70,-583.3655351754805
20,0,1,1,80,-717.5484157913952
20,0,1,1,90,-1053.4818404012422
20,0,1,1,100,-1591.1658090050205
20,1,0,0,10,-4126.353035063848
20,1,0,0,20,-3050.032651716172
20,1,0,0,30,-2175.4628123624284
20,1,0,0,40,-1502.6435170026161
20,1,0,0,50,-1031.5747656367348
20,1,0,0,60,-762.2565582647858
20,1,0,0,70,-694.688894886769
20,1,0,0,80,-828.8717755026837
20,1,0,0,90,-1164.8052001125307
20,1,0,0,100,-1702.489168716309
20,1,0,1,10,-4702.227221454882
20,1,0,1,20,-3625.9068381072057
20,1,0,1,30,-2751.336998753462
20,1,0,1,40,-2078.5177033936498
20,1,0,1,50,-1607.4489520277689
20,1,0,1,60,-1338.1307446558208
20,1,0,1,70,-1270.5630812778036
20,1,0,1,80,-1404.7459618937182
20,1,0,1,90,-1740.6793865035652
20,1,0,1,100,-2278.3633551073435
20,1,1,0,10,-5522.186655027538
20,1,1,0,20,-4445.866271679863
20,1,1,0,30,-3571.2964323261185
20,1,1,0,40,-2898.4771369663067
20,1,1,0,50,-2427.408385600426
20,1,1,0,60,-2158.090178228477
20,1,1,0,70,-2090.5225148504596
20,1,1,0,80,-2224.7053954663743
20,1,1,0,90,-2560.6388200762212
20,1,1,0,100,-3098.3227886799996
20,1,1,1,10,-6098.060841418573
20,1,1,1,20,-5021.740458070896
20,1,1,1,30,-4147.170618717153
20,1,1,1,40,-3474.3513233573403
20,1,1,1,50,-3003.2825719914595
20,1,1,1,60,-2733.9643646195113
20,1,1,1,70,-2666.396701241494
20,1,1,1,80,-2800.579581857409
20,1,1,1,90,-3136.5130064672558
20,1,1,1,100,-3674.196975071034
30,0,0,0,10,-1322.1256427826615
30,0,0,0,20,-245.8052594349856
30,0,0,0,30,628.7645799187576
30,0,0,0,40,1301.5838752785712
30,0,0,0,50,1772.6526266444525
30,0,0,0,60,2041.9708340163997
30,0,0,0,70,2109.5384973944165
30,0,0,0,80,1975.3556167785018
30,0,0,0,90,1639.4221921686549
30,0,0,0,100,1101.7382235648747
30,0,0,1,10,-1897.9998291736952
30,0,0,1,20,-821.6794458260201
30,0,0,1,30,52.89039352772397
30,0,0,1,40,725.7096888875367
30,0,0,1,50,1196.778440253418
30,0,0,1,60,1466.0966476253652
30,0,0,1,70,1533.664311003382
30,0,0,1,80,1399.4814303874673
30,0,0,1,90,1063.5480057776203
30,0,0,1,100,525.864037173842
30,0,1,0,10,-2717.959262746352
30,0,1,0,20,-1641.6388793986762
30,0,1,0,30,-767.069040044933
30,0,1,0,40,-94.24974468512028
30,0,1,0,50,376.81900668076196
30,0,1,0,60,646.1372140527092
30,0,1,0,70,713.7048774307259
30,0,1,0,80,579.5219968148112
30,0,1,0,90,243.5885722049643
30,0,1,0,100,-294.09539639881405
30,0,1,1,10,-3293.833449137386
30,0,1,1,20,-2217.5130657897107
30,0,1,1,30,-1342.9432264359662
30,0,1,1,40,-670.1239310761539
30,0,1,1,50,-199.05517971027257
30,0,1,1,60,70.26302766167464
30,0,1,1,70,137.83069103969137
30,0,1,1,80,3.6478104237767184
30,0,1,1,90,-332.28561418607023
30,0,1,1,100,-869.9695827898486
30,1,0,0,10,-3405.1568088486765
30,1,0,0,20,-2328.836425501
30,1,0,0,30,-1454.2665861472565
30,1,0,0,40,-781.4472907874442
30,1,0,0,50,-310.3785394215629
30,1,0,0,60,-41.06033204961386
30,1,0,0,70,26.50733132840287
30,1,0,0,80,-107.67554928751179
30,1,0,0,90,-443.60897389735874
30,1,0,0,100,-981.2929425011371
30,1,0,1,10,-3981.03099523971
30,1,0,1,20,-2904.7106118920337
30,1,0,1,30,-2030.14077253829
30,1,0,1,40,-1357.3214771784778
30,1,0,1,50,-886.2527258125974
30,1,0,1,60,-616.9345184406484
30,1,0,1,70,-549.3668550626317
30,1,0,1,80,-683.5497356785463
30,1,0,1,90,-1019.4831602883933
30,1,0,1,100,-1557.1671288921716
30,1,1,0,10,-4800.990428812367
30,1,1,0,20,-3724.6700454646907
30,1,1,0,30,-2850.1002061109466
30,1,1,0,40,-2177.280910751135
30,1,1,0,50,-1706.212159385254
30,1,1,0,60,-1436.893952013305
30,1,1,0,70,-1369.3262886352877
30,1,1,0,80,-1503.5091692512024
30,1,1,0,90,-1839.4425938610493
30,1,1,0,100,-2377.1265624648277
30,1,1,1,10,-5376.864615203401
30,1,1,1,20,-4300.544231855724
30,1,1,1,30,-3425.9743925019807
30,1,1,1,40,-2753.1550971421684
30,1,1,1,50,-2282.0863457762875
30,1,1,1,60,-2012.7681384043394
30,1,1,1,70,-1945.2004750263222
30,1,1,1,80,-2079.383355642237
30,1,1,1,90,-2415.316780252084
30,1,1,1,100,-2953.000748855862
40,0,0,0,10,-817.1115363594545
40,0,0,0,20,259.208846988221
40,0,0,0,30,1133.778686341965
40,0,0,0,40,1806.5979817017778
40,0,0,0,50,2277.666733067659
40,0,0,0,60,2546.9849404396064
40,0,0,0,70,2614.552603817623
40,0,0,0,80,2480.3697232017084
40,0,0,0,90,2144.4362985918615
40,0,0,0,100,1606.7523299880831
40,0,0,1,10,-1392.9857227504876
40,0,0,1,20,-316.6653394028117
40,0,0,1,30,557.9044999509315
40,0,0,1,40,1230.7237953107433
40,0,0,1,50,1701.7925466766246
40,0,0,1,60,1971.1107540485737
40,0,0,1,70,2038.6784174265904
40,0,0,1,80,1904.4955368106757
40,0,0,1,90,1568.5621122008288
40,0,0,1,100,1030.8781435970504
40,0,1,0,10,-2212.9451563231446
40,0,1,0,20,-1136.6247729754696
40,0,1,0,30,-262.05493362172547
40,0,1,0,40,410.76436173808725
40,0,1,0,50,881.8331131039686
40,0,1,0,60,1151.1513204759158
40,0,1,0,70,1218.7189838539325
40,0,1,0,80,1084.5361032380179
40,0,1,0,90,748.6026786281709
40,0,1,0,100,210.91871002439257
40,0,1,1,10,-2788.8193427141787
40,0,1,1,20,-1712.4989593665032
40,0,1,1,30,-837.9291200127591
40,0,1,1,40,-165.10982465294637
40,0,1,1,50,305.95892671293404
40,0,1,1,60,575.2771340848831
40,0,1,1,70,642.8447974628998
40,0,1,1,80,508.66191684698515
40,0,1,1,90,172.7284922371382
40,0,1,1,100,-364.95547636664014
40,1,0,0,10,-2900.1427024254685
40,1,0,0,20,-1823.8223190777926
40,1,0,0,30,-949.2524797240485
40,1,0,0,40,-276.4331843642358
40,1,0,0,50,194.63556700164554
40,1,0,0,60,463.95377437359275
40,1,0,0,70,531.5214377516095
40,1,0,0,80,397.3385571356948
40,1,0,0,90,61.405132525847876
40,1,0,0,100,-476.27883607793046
40,1,0,1,10,-3476.0168888165026
40,1,0,1,20,-2399.696505468826
40,1,0,1,30,-1525.1266661150826
40,1,0,1,40,-852.3073707552703
40,1,0,1,50,-381.238619389389
40,1,0,1,60,-111.92041201743996
40,1,0,1,70,-44.352748639423226
40,1,0,1,80,-178.53562925533788
40,1,0,1,90,-514.4690538651848
40,1,0,1,100,-1052.1530224689632
40,1,1,0,10,-4295.976322389159
40,1,1,0,20,-3219.655939041483
40,1,1,0,30,-2345.086099687739
40,1,1,0,40,-1672.2668043279264
40,1,1,0,50,-1201.198052962045
40,1,1,0,60,-931.8798455900978
40,1,1,0,70,-864.3121822120811
40,1,1,0,80,-998.4950628279958
40,1,1,0,90,-1334.4284874378427
40,1,1,0,100,-1872.112456041621
40,1,1,1,10,-4871.850508780193
40,1,1,1,20,-3795.530125432517
40,1,1,1,30,-2920.960286078773
40,1,1,1,40,-2248.140990718961
40,1,1,1,50,-1777.07223935308
40,1,1,1,60,-1507.754031981132
40,1,1,1,70,-1440.1863686031138
40,1,1,1,80,-1574.3692492190285
40,1,1,1,90,-1910.3026738288754
40,1,1,1,100,-2447.9866424326538
50,0,0,0,10,-528.2795497282123
50,0,0,0,20,548.0408336194641
50,0,0,0,30,1422.6106729732082
50,0,0,0,40,2095.429968333021
50,0,0,0,50,2566.4987196989023
50,0,0,0,60,2835.8169270708495
50,0,0,0,70,2903.384590448866
50,0,0,0,80,2769.2017098329516
50,0,0,0,90,2433.2682852231046
50,0,0,0,100,1895.584316619328
50,0,0,1,10,-1104.1537361192459
50,0,0,1,20,-27.83335277157039
50,0,0,1,30,846.7364865821737
50,0,0,1,40,1519.5557819419864
50,0,0,1,50,1990.6245333078678
50,0,0,1,60,2259.942740679815
50,0,0,1,70,2327.5104040578317
50,0,0,1,80,2193.327523441917
50,0,0,1,90,1857.39409883207
50,0,0,1,100,1319.7101302282917
50,0,1,0,10,-1924.1131696919024
50,0,1,0,20,-847.7927863442264
50,0,1,0,30,26.777053009517658
50,0,1,0,40,699.5963483693304
50,0,1,0,50,1170.6650997352117
50,0,1,0,60,1439.983307107159
50,0,1,0,70,1507.5509704851756
50,0,1,0,80,1373.368089869261
50,0,1,0,90,1037.434665259414
50,0,1,0,100,499.7506966556357
50,0,1,1,10,-2499.987356082936
50,0,1,1,20,-1423.66697273526
50,0,1,1,30,-549.0971333815169
50,0,1,1,40,123.72216197829584
50,0,1,1,50,594.7909133441772
50,0,1,1,60,864.1091207161262
50,0,1,1,70,931.6767840941429
50,0,1,1,80,797.4939034782283
50,0,1,1,90,461.5604788683813
50,0,1,1,100,-76.12348973539702
