66,1,0,0,64,43
36,0,1,0,67,76
31,0,0,0,72,248
68,0,0,0,18,422
16,0,0,0,79,187
87,0,0,0,51,722
75,0,0,0,94,4796
49,1,0,0,61,107
93,0,0,0,32,239
76,0,0,0,62,2746
47,1,0,1,93,66
32,0,0,0,40,4357
45,0,0,0,39,6331
41,0,0,0,93,4442
28,0,0,0,69,2110
37,0,0,0,81,2076
48,1,0,0,93,478
24,0,1,0,77,18
53,0,0,0,83,1259
7,0,0,0,51,126
76,1,0,0,85,104
59,0,0,0,100,1216
60,0,0,0,32,436
20,0,0,0,50,620
44,1,0,0,53,81
57,0,0,0,29,3055
100,0,0,0,31,85
70,0,0,0,53,6202
65,0,0,0,40,970
54,0,0,0,51,6045
77,0,0,0,30,591
17,0,0,0,47,276
23,0,0,0,28,424
73,0,0,0,100,1744
