69,0,0,0,81,1857
35,0,1,0,67,142
30,0,0,0,72,274
53,0,0,0,51,1336
27,0,1,1,85,233
67,0,0,0,18,193
53,1,0,0,74,210
9,0,0,0,29,48
16,0,0,0,47,232
56,0,0,0,29,503
41,0,0,0,61,3201
52,0,0,0,83,1305
16,0,0,0,100,45
76,0,0,0,30,298
70,0,0,0,21,382
39,0,0,0,26,1226
42,1,0,0,85,271
46,1,0,1,93,65
64,1,0,0,96,1083
59,0,0,0,60,1538
28,0,0,0,37,2812
89,0,0,0,29,77
31,0,0,0,40,1719
86,0,0,0,51,1459
74,0,0,0,94,1585
30,0,0,0,100,267
40,0,0,0,93,801
36,0,0,0,81,2595
75,0,0,0,62,3053
64,0,0,0,40,3440
27,0,0,0,69,1407
59,1,0,0,83,103
