0,0,0,0,10,-11.099260508762976
0,0,0,0,20,-8.150186279431525
0,0,0,0,30,-5.674567068237556
0,0,0,0,40,-3.6724028751810707
0,0,0,0,50,-2.143693700262066
0,0,0,0,60,-1.0884395434805487
0,0,0,0,70,-0.5066404048365136
0,0,0,0,80,-0.39829628432996245
0,0,0,0,90,-0.7634071819608934
0,0,0,0,100,-1.601973097729303
0,0,0,1,10,-13.029806046682067
0,0,0,1,20,-10.080731817350616
0,0,0,1,30,-7.605112606156647
0,0,0,1,40,-5.602948413100162
0,0,0,1,50,-4.074239238181157
0,0,0,1,60,-3.0189850813996397
0,0,0,1,70,-2.4371859427556046
0,0,0,1,80,-2.3288418222490535
0,0,0,1,90,-2.6939527198799844
0,0,0,1,100,-3.5325186356483975
0,0,1,0,10,-15.543897024246812
0,0,1,0,20,-12.59482279491536
0,0,1,0,30,-10.119203583721392
0,0,1,0,40,-8.117039390664907
0,0,1,0,50,-6.588330215745903
0,0,1,0,60,-5.533076058964385
0,0,1,0,70,-4.95127692032035
0,0,1,0,80,-4.8429327998137985
0,0,1,0,90,-5.2080436974447295
0,0,1,0,100,-6.046609613213139
0,0,1,1,10,-17.474442562165905
0,0,1,1,20,-14.525368332834452
0,0,1,1,30,-12.049749121640483
0,0,1,1,40,-10.047584928583998
0,0,1,1,50,-8.518875753664993
0,0,1,1,60,-7.463621596883476
0,0,1,1,70,-6.881822458239441
0,0,1,1,80,-6.7734783377328895
0,0,1,1,90,-7.1385892353638205
0,0,1,1,100,-7.97715515113223
0,1,0,0,10,-17.38725885824539
0,1,0,0,20,-14.438184628913936
0,1,0,0,30,-11.962565417719967
0,1,0,0,40,-9.960401224663483
0,1,0,0,50,-8.431692049744477
0,1,0,0,60,-7.37643789296296
0,1,0,0,70,-6.794638754318925
0,1,0,0,80,-6.686294633812373
0,1,0,0,90,-7.051405531443304
0,1,0,0,100,-7.889971447211714
0,1,0,1,10,-19.31780439616448
0,1,0,1,20,-16.36873016683303
0,1,0,1,30,-13.89311095563906
0,1,0,1,40,-11.890946762582574
0,1,0,1,50,-10.362237587663572
0,1,0,1,60,-9.306983430882052
0,1,0,1,70,-8.725184292238016
0,1,0,1,80,-8.616840171731468
0,1,0,1,90,-8.981951069362395
0,1,0,1,100,-9.820516985130805
0,1,1,0,10,-21.831895373729225
0,1,1,0,20,-18.882821144397774
0,1,1,0,30,-16.4072019332038
0,1,1,0,40,-14.405037740147318
0,1,1,0,50,-12.876328565228313
0,1,1,0,60,-11.821074408446796
0,1,1,0,70,-11.23927526980276
0,1,1,0,80,-11.13093114929621
0,1,1,0,90,-11.49604204692714
0,1,1,0,100,-12.33460796269555
0,1,1,1,10,-23.762440911648312
0,1,1,1,20,-20.81336668231686
0,1,1,1,30,-18.337747471122892
0,1,1,1,40,-16.33558327806641
0,1,1,1,50,-14.806874103147404
0,1,1,1,60,-13.751619946365887
0,1,1,1,70,-13.169820807721852
0,1,1,1,80,-13.0614766872153
0,1,1,1,90,-13.426587584846231
0,1,1,1,100,-14.265153500614641
10,0,0,0,10,-8.155666717378754
10,0,0,0,20,-5.206592488047303
10,0,0,0,30,-2.7309732768533337
10,0,0,0,40,-0.7288090837968486
10,0,0,0,50,0.7999000911221543
10,0,0,0,60,1.8551542479036698
10,0,0,0,70,2.4369533865477067
10,0,0,0,80,2.545297507054258
10,0,0,0,90,2.1801866094233304
10,0,0,0,100,1.3416206936549209
10,0,0,1,10,-10.086212255297847
10,0,0,1,20,-7.137138025966394
10,0,0,1,30,-4.6615188147724265
10,0,0,1,40,-2.6593546217159414
10,0,0,1,50,-1.1306454467969367
10,0,0,1,60,-0.07539129001541944
10,0,0,1,70,0.5064078486286157
10,0,0,1,80,0.6147519691351668
10,0,0,1,90,0.24964107150423587
10,0,0,1,100,-0.5889248442641737
10,0,1,0,10,-12.60030323286259
10,0,1,0,20,-9.651229003531139
10,0,1,0,30,-7.17560979233717
10,0,1,0,40,-5.173445599280685
10,0,1,0,50,-3.6447364243616818
10,0,1,0,60,-2.5894822675801645
10,0,1,0,70,-2.0076831289361294
10,0,1,0,80,-1.8993390084295783
10,0,1,0,90,-2.264449906060509
10,0,1,0,100,-3.103015821828915
10,0,1,1,10,-14.530848770781683
10,0,1,1,20,-11.58177454145023
10,0,1,1,30,-9.106155330256263
10,0,1,1,40,-7.1039911371997775
10,0,1,1,50,-5.575281962280773
10,0,1,1,60,-4.5200278054992555
10,0,1,1,70,-3.9382286668552204
10,0,1,1,80,-3.8298845463486693
10,0,1,1,90,-4.1949954439796
10,0,1,1,100,-5.03356135974801
10,1,0,0,10,-14.443665066861167
10,1,0,0,20,-11.494590837529715
10,1,0,0,30,-9.018971626335746
10,1,0,0,40,-7.016807433279261
10,1,0,0,50,-5.488098258360257
10,1,0,0,60,-4.432844101578739
10,1,0,0,70,-3.8510449629347043
10,1,0,0,80,-3.742700842428153
10,1,0,0,90,-4.107811740059084
10,1,0,0,100,-4.946377655827494
10,1,0,1,10,-16.37421060478026
10,1,0,1,20,-13.425136375448806
10,1,0,1,30,-10.949517164254837
10,1,0,1,40,-8.947352971198352
10,1,0,1,50,-7.418643796279349
10,1,0,1,60,-6.36338963949783
10,1,0,1,70,-5.781590500853795
10,1,0,1,80,-5.673246380347244
10,1,0,1,90,-6.038357277978175
10,1,0,1,100,-6.876923193746585
10,1,1,0,10,-18.888301582345004
10,1,1,0,20,-15.939227353013552
10,1,1,0,30,-13.463608141819583
10,1,1,0,40,-11.461443948763097
10,1,1,0,50,-9.932734773844093
10,1,1,0,60,-8.877480617062576
10,1,1,0,70,-8.29568147841854
10,1,1,0,80,-8.18733735791199
10,1,1,0,90,-8.55244825554292
10,1,1,0,100,-9.39101417131133
10,1,1,1,10,-20.818847120264095
10,1,1,1,20,-17.86977289093264
10,1,1,1,30,-15.394153679738674
10,1,1,1,40,-13.391989486682188
10,1,1,1,50,-11.863280311763184
10,1,1,1,60,-10.808026154981667
10,1,1,1,70,-10.226227016337631
10,1,1,1,80,-10.11788289583108
10,1,1,1,90,-10.482993793462011
10,1,1,1,100,-11.32155970923042
20,0,0,0,10,-5.760304309005189
20,0,0,0,20,-2.811230079673736
20,0,0,0,30,-0.33561086847976895
20,0,0,0,40,1.666553324576718
20,0,0,0,50,3.1952624994957226
20,0,0,0,60,4.2505166562772345
20,0,0,0,70,4.832315794921275
20,0,0,0,80,4.940659915427823
20,0,0,0,90,4.575549017796895
20,0,0,0,100,3.7369831020284856
20,0,0,1,10,-7.690849846924281
20,0,0,1,20,-4.741775617592829
20,0,0,1,30,-2.26615640639886
20,0,0,1,40,-0.2639922133423749
20,0,0,1,50,1.264716961576628
20,0,0,1,60,2.319971118358147
20,0,0,1,70,2.9017702570021804
20,0,0,1,80,3.010114377508735
20,0,0,1,90,2.6450034798778006
20,0,0,1,100,1.806437564109391
20,0,1,0,10,-10.204940824489025
20,0,1,0,20,-7.255866595157572
20,0,1,0,30,-4.780247383963605
20,0,1,0,40,-2.77808319090712
20,0,1,0,50,-1.2493740159881135
20,0,1,0,60,-0.1941198592065998
20,0,1,0,70,0.38767927943743885
20,0,1,0,80,0.4960233999439865
20,0,1,0,90,0.13091250231305906
20,0,1,0,100,-0.7076534134553505
20,0,1,1,10,-12.135486362408116
20,0,1,1,20,-9.186412133076665
20,0,1,1,30,-6.710792921882696
20,0,1,1,40,-4.708628728826211
20,0,1,1,50,-3.179919553907208
20,0,1,1,60,-2.124665397125691
20,0,1,1,70,-1.5428662584816557
20,0,1,1,80,-1.4345221379751045
20,0,1,1,90,-1.7996330356060355
20,0,1,1,100,-2.638198951374445
20,1,0,0,10,-12.0483026584876
20,1,0,0,20,-9.099228429156149
20,1,0,0,30,-6.62360921796218
20,1,0,0,40,-4.621445024905695
20,1,0,0,50,-3.092735849986692
20,1,0,0,60,-2.0374816932051747
20,1,0,0,70,-1.4556825545611396
20,1,0,0,80,-1.3473384340545884
20,1,0,0,90,-1.7124493316855194
20,1,0,0,100,-2.551015247453929
20,1,0,1,10,-13.978848196406693
20,1,0,1,20,-11.02977396707524
20,1,0,1,30,-8.554154755881273
20,1,0,1,40,-6.551990562824788
20,1,0,1,50,-5.023281387905783
20,1,0,1,60,-3.9680272311242657
20,1,0,1,70,-3.3862280924802306
20,1,0,1,80,-3.2778839719736794
20,1,0,1,90,-3.6429948696046104
20,1,0,1,100,-4.481560785373016
20,1,1,0,10,-16.492939173971436
20,1,1,0,20,-13.543864944639985
20,1,1,0,30,-11.068245733446016
20,1,1,0,40,-9.066081540389531
20,1,1,0,50,-7.537372365470529
20,1,1,0,60,-6.482118208689011
20,1,1,0,70,-5.900319070044976
20,1,1,0,80,-5.7919749495384245
20,1,1,0,90,-6.1570858471693555
20,1,1,0,100,-6.995651762937765
20,1,1,1,10,-18.42348471189053
20,1,1,1,20,-15.474410482559078
20,1,1,1,30,-12.998791271365109
20,1,1,1,40,-10.996627078308624
20,1,1,1,50,-9.467917903389619
20,1,1,1,60,-8.412663746608102
20,1,1,1,70,-7.830864607964067
20,1,1,1,80,-7.7225204874575155
20,1,1,1,90,-8.087631385088446
20,1,1,1,100,-8.926197300856856
30,0,0,0,10,-3.91317328364228
30,0,0,0,20,-0.964099054310827
30,0,0,0,30,1.5115201568831402
30,0,0,0,40,3.5136843499396235
30,0,0,0,50,5.042393524858628
30,0,0,0,60,6.097647681640147
30,0,0,0,70,6.679446820284181
30,0,0,0,80,6.787790940790735
30,0,0,0,90,6.422680043159801
30,0,0,0,100,5.584114127391391
30,0,0,1,10,-5.843718821561371
30,0,0,1,20,-2.894644592229918
30,0,0,1,30,-0.4190253810359508
30,0,0,1,40,1.583138812020536
30,0,0,1,50,3.111847986939541
30,0,0,1,60,4.167102143721053
30,0,0,1,70,4.748901282365093
30,0,0,1,80,4.857245402871641
30,0,0,1,90,4.492134505240713
30,0,0,1,100,3.653568589472304
30,0,1,0,10,-8.357809799126116
30,0,1,0,20,-5.408735569794663
30,0,1,0,30,-2.933116358600696
30,0,1,0,40,-0.9309521655442108
30,0,1,0,50,0.5977570093747921
30,0,1,0,60,1.6530111661563112
30,0,1,0,70,2.2348103048003445
30,0,1,0,80,2.343154425306899
30,0,1,0,90,1.9780435276759647
30,0,1,0,100,1.1394776119075551
30,0,1,1,10,-10.288355337045207
30,0,1,1,20,-7.339281107713756
30,0,1,1,30,-4.863661896519787
30,0,1,1,40,-2.861497703463302
30,0,1,1,50,-1.3327885285442989
30,0,1,1,60,-0.2775343717627816
30,0,1,1,70,0.3042647668812535
30,0,1,1,80,0.41260888738780466
30,0,1,1,90,0.047497989756877246
30,0,1,1,100,-0.7910679260115323
30,1,0,0,10,-10.20117163312469
30,1,0,0,20,-7.25209740379324
30,1,0,0,30,-4.776478192599271
30,1,0,0,40,-2.7743139995427857
30,1,0,0,50,-1.2456048246237827
30,1,0,0,60,-0.1903506678422655
30,1,0,0,70,0.3914484708017696
30,1,0,0,80,0.49979259130832077
30,1,0,0,90,0.13468169367739335
30,1,0,0,100,-0.7038842220910162
30,1,0,1,10,-12.131717171043784
30,1,0,1,20,-9.18264294171233
30,1,0,1,30,-6.7070237305183635
30,1,0,1,40,-4.7048595374618785
30,1,0,1,50,-3.1761503625428738
30,1,0,1,60,-2.1208962057613565
30,1,0,1,70,-1.5390970671173214
30,1,0,1,80,-1.4307529466107702
30,1,0,1,90,-1.7958638442417012
30,1,0,1,100,-2.6344297600101108
30,1,1,0,10,-14.645808148608529
30,1,1,0,20,-11.696733919277076
30,1,1,0,30,-9.221114708083107
30,1,1,0,40,-7.218950515026622
30,1,1,0,50,-5.690241340107619
30,1,1,0,60,-4.634987183326102
30,1,1,0,70,-4.0531880446820665
30,1,1,0,80,-3.9448439241755153
30,1,1,0,90,-4.309954821806446
30,1,1,0,100,-5.148520737574852
30,1,1,1,10,-16.576353686527618
30,1,1,1,20,-13.627279457196169
30,1,1,1,30,-11.1516602460022
30,1,1,1,40,-9.149496052945715
30,1,1,1,50,-7.620786878026711
30,1,1,1,60,-6.565532721245193
30,1,1,1,70,-5.9837335826011575
30,1,1,1,80,-5.875389462094606
30,1,1,1,90,-6.240500359725537
30,1,1,1,100,-7.079066275493947
40,0,0,0,10,-2.6142736412900263
40,0,0,0,20,0.33480058804142665
40,0,0,0,30,2.810419799235394
40,0,0,0,40,4.812583992291877
40,0,0,0,50,6.341293167210882
40,0,0,0,60,7.396547323992401
40,0,0,0,70,7.978346462636434
40,0,0,0,80,8.086690583142989
40,0,0,0,90,7.721579685512054
40,0,0,0,100,6.883013769743645
40,0,0,1,10,-4.544819179209117
40,0,0,1,20,-1.5957449498776644
40,0,0,1,30,0.8798742613163029
40,0,0,1,40,2.8820384543727897
40,0,0,1,50,4.410747629291794
40,0,0,1,60,5.466001786073306
40,0,0,1,70,6.047800924717347
40,0,0,1,80,6.156145045223894
40,0,0,1,90,5.791034147592967
40,0,0,1,100,4.952468231824557
40,0,1,0,10,-7.058910156773863
40,0,1,0,20,-4.109835927442409
40,0,1,0,30,-1.6342167162484422
40,0,1,0,40,0.36794747680804285
40,0,1,0,50,1.8966566517270458
40,0,1,0,60,2.951910808508565
40,0,1,0,70,3.533709947152598
40,0,1,0,80,3.642054067659153
40,0,1,0,90,3.2769431700282183
40,0,1,0,100,2.438377254259809
40,0,1,1,10,-8.989455694692953
40,0,1,1,20,-6.040381465361502
40,0,1,1,30,-3.5647622541675332
40,0,1,1,40,-1.5625980611110482
40,0,1,1,50,-0.03388888619204522
40,0,1,1,60,1.021365270589472
40,0,1,1,70,1.6031644092335071
40,0,1,1,80,1.7115085297400583
40,0,1,1,90,1.3463976321091309
40,0,1,1,100,0.5078317163407213
40,1,0,0,10,-8.902271990772437
40,1,0,0,20,-5.953197761440986
40,1,0,0,30,-3.477578550247017
40,1,0,0,40,-1.475414357190532
40,1,0,0,50,0.05329481772847089
40,1,0,0,60,1.1085489745099881
40,1,0,0,70,1.6903481131540232
40,1,0,0,80,1.7986922336605744
40,1,0,0,90,1.433581336029647
40,1,0,0,100,0.5950154202612374
40,1,0,1,10,-10.83281752869153
40,1,0,1,20,-7.883743299360077
40,1,0,1,30,-5.40812408816611
40,1,0,1,40,-3.405959895109625
40,1,0,1,50,-1.8772507201906201
40,1,0,1,60,-0.8219965634091029
40,1,0,1,70,-0.24019742476506778
40,1,0,1,80,-0.1318533042585166
40,1,0,1,90,-0.49696420188944757
40,1,0,1,100,-1.3355301176578571
40,1,1,0,10,-13.346908506256273
40,1,1,0,20,-10.397834276924822
40,1,1,0,30,-7.922215065730853
40,1,1,0,40,-5.920050872674368
40,1,1,0,50,-4.391341697755365
40,1,1,0,60,-3.336087540973848
40,1,1,0,70,-2.754288402329813
40,1,1,0,80,-2.6459442818232617
40,1,1,0,90,-3.0110551794541927
40,1,1,0,100,-3.8496210952225987
40,1,1,1,10,-15.277454044175366
40,1,1,1,20,-12.328379814843915
40,1,1,1,30,-9.852760603649946
40,1,1,1,40,-7.850596410593461
40,1,1,1,50,-6.321887235674456
40,1,1,1,60,-5.266633078892939
40,1,1,1,70,-4.684833940248904
40,1,1,1,80,-4.576489819742353
40,1,1,1,90,-4.941600717373284
40,1,1,1,100,-5.780166633141693
50,0,0,0,10,-1.8636053819484282
50,0,0,0,20,1.0854688473830247
50,0,0,0,30,3.561088058576992
50,0,0,0,40,5.563252251633479
50,0,0,0,50,7.0919614265524835
50,0,0,0,60,8.147215583333995
50,0,0,0,70,8.729014721978036
50,0,0,0,80,8.837358842484583
50,0,0,0,90,8.472247944853656
50,0,0,0,100,7.6336820290852465
50,0,0,1,10,-3.794150919867519
50,0,0,1,20,-0.8450766905360663
50,0,0,1,30,1.630542520657901
50,0,0,1,40,3.6327067137143843
50,0,0,1,50,5.161415888633389
50,0,0,1,60,6.216670045414908
50,0,0,1,70,6.798469184058941
50,0,0,1,80,6.906813304565496
50,0,0,1,90,6.5417024069345615
50,0,0,1,100,5.703136491166152
50,0,1,0,10,-6.308241897432264
50,0,1,0,20,-3.3591676681008114
50,0,1,0,30,-0.8835484569068441
50,0,1,0,40,1.118615736149641
50,0,1,0,50,2.6473249110686474
50,0,1,0,60,3.7025790678501593
50,0,1,0,70,4.2843782064942
50,0,1,0,80,4.392722327000747
50,0,1,0,90,4.02761142936982
50,0,1,0,100,3.1890455136014104
50,0,1,1,10,-8.238787435351355
50,0,1,1,20,-5.289713206019904
50,0,1,1,30,-2.814093994825935
50,0,1,1,40,-0.8119298017694501
50,0,1,1,50,0.7167793731495529
50,0,1,1,60,1.7720335299310719
50,0,1,1,70,2.353832668575105
50,0,1,1,80,2.46217678908166
50,0,1,1,90,2.0970658914507254
50,0,1,1,100,1.2584999756823159
