50,1,0,0,10,-8.15160373143084
50,1,0,0,20,-5.202529502099388
50,1,0,0,30,-2.726910290905419
50,1,0,0,40,-0.724746097848934
50,1,0,0,50,0.803963077070069
50,1,0,0,60,1.859217233851588
50,1,0,0,70,2.4410163724956213
50,1,0,0,80,2.549360493002176
50,1,0,0,90,2.1842495953712415
50,1,0,0,100,1.345683679602832
50,1,0,1,10,-10.082149269349932
50,1,0,1,20,-7.133075040018479
50,1,0,1,30,-4.657455828824512
50,1,0,1,40,-2.6552916357680267
50,1,0,1,50,-1.126582460849022
50,1,0,1,60,-0.07132830406750479
50,1,0,1,70,0.5104708345765303
50,1,0,1,80,0.6188149550830815
50,1,0,1,90,0.2537040574521541
50,1,0,1,100,-0.5848618583162555
50,1,1,0,10,-12.596240246914675
50,1,1,0,20,-9.647166017583224
50,1,1,0,30,-7.171546806389255
50,1,1,0,40,-5.16938261333277
50,1,1,0,50,-3.640673438413767
50,1,1,0,60,-2.58541928163225
50,1,1,0,70,-2.003620142988215
50,1,1,0,80,-1.8952760224816636
50,1,1,0,90,-2.2603869201125946
50,1,1,0,100,-3.098952835881004
50,1,1,1,10,-14.526785784833768
50,1,1,1,20,-11.577711555502315
50,1,1,1,30,-9.102092344308348
50,1,1,1,40,-7.099928151251863
50,1,1,1,50,-5.571218976332858
50,1,1,1,60,-4.515964819551341
50,1,1,1,70,-3.934165680907306
50,1,1,1,80,-3.8258215604007546
50,1,1,1,90,-4.190932458031686
50,1,1,1,100,-5.029498373800092
60,0,0,0,10,-1.6611685056174856
60,0,0,0,20,1.2879057237139673
60,0,0,0,30,3.7635249349079345
60,0,0,0,40,5.765689127964421
60,0,0,0,50,7.294398302883426
60,0,0,0,60,8.349652459664938
60,0,0,0,70,8.931451598308978
60,0,0,0,80,9.039795718815526
60,0,0,0,90,8.674684821184599
60,0,0,0,100,7.836118905416189
60,0,0,1,10,-3.5917140435365766
60,0,0,1,20,-0.6426398142051237
60,0,0,1,30,1.8329793969888435
60,0,0,1,40,3.835143590045327
60,0,0,1,50,5.3638527649643315
60,0,0,1,60,6.4191069217458505
60,0,0,1,70,7.000906060389884
60,0,0,1,80,7.109250180896439
60,0,0,1,90,6.744139283265504
60,0,0,1,100,5.9055733674970945
60,0,1,0,10,-6.105805021101322
60,0,1,0,20,-3.156730791769869
60,0,1,0,30,-0.6811115805759016
60,0,1,0,40,1.3210526124805835
60,0,1,0,50,2.84976178739959
60,0,1,0,60,3.905015944181102
60,0,1,0,70,4.486815082825142
60,0,1,0,80,4.59515920333169
60,0,1,0,90,4.2300483057007625
60,0,1,0,100,3.391482389932353
60,0,1,1,10,-8.036350559020413
60,0,1,1,20,-5.087276329688962
60,0,1,1,30,-2.6116571184949926
60,0,1,1,40,-0.6094929254385075
60,0,1,1,50,0.9192162494804954
60,0,1,1,60,1.9744704062620144
60,0,1,1,70,2.5562695449060477
60,0,1,1,80,2.6646136654126025
60,0,1,1,90,2.299502767781668
60,0,1,1,100,1.4609368520132584
60,1,0,0,10,-7.9491668550998975
60,1,0,0,20,-5.0000926257684455
60,1,0,0,30,-2.5244734145744765
60,1,0,0,40,-0.5223092215179914
60,1,0,0,50,1.0063999534010115
60,1,0,0,60,2.0616541101825305
60,1,0,0,70,2.643453248826564
60,1,0,0,80,2.7517973693331186
60,1,0,0,90,2.386686471702184
60,1,0,0,100,1.5481205559337745
60,1,0,1,10,-9.87971239301899
60,1,0,1,20,-6.9306381636875365
60,1,0,1,30,-4.455018952493569
60,1,0,1,40,-2.452854759437084
60,1,0,1,50,-0.9241455845180795
60,1,0,1,60,0.13110857226343775
60,1,0,1,70,0.7129077109074728
60,1,0,1,80,0.821251831414024
60,1,0,1,90,0.4561409337830966
60,1,0,1,100,-0.38242498198531294
60,1,1,0,10,-12.393803370583733
60,1,1,0,20,-9.444729141252282
60,1,1,0,30,-6.969109930058313
60,1,1,0,40,-4.9669457370018275
60,1,1,0,50,-3.4382365620828246
60,1,1,0,60,-2.3829824053013073
60,1,1,0,70,-1.8011832666572722
60,1,1,0,80,-1.692839146150721
60,1,1,0,90,-2.057950043781652
60,1,1,0,100,-2.8965159595500616
60,1,1,1,10,-14.324348908502825
60,1,1,1,20,-11.375274679171373
60,1,1,1,30,-8.899655467977405
60,1,1,1,40,-6.89749127492092
60,1,1,1,50,-5.368782100001916
60,1,1,1,60,-4.313527943220398
60,1,1,1,70,-3.7317288045763632
60,1,1,1,80,-3.623384684069812
60,1,1,1,90,-3.988495581700743
60,1,1,1,100,-4.827061497469149
70,0,0,0,10,-2.0069630122971986
70,0,0,0,20,0.9421112170342543
70,0,0,0,30,3.4177304282282215
70,0,0,0,40,5.419894621284705
70,0,0,0,50,6.9486037962037095
70,0,0,0,60,8.003857952985229
70,0,0,0,70,8.585657091629262
70,0,0,0,80,8.694001212135817
70,0,0,0,90,8.328890314504882
70,0,0,0,100,7.4903243987364725
70,0,0,1,10,-3.9375085502162896
70,0,0,1,20,-0.9884343208848367
70,0,0,1,30,1.4871848903091305
70,0,0,1,40,3.4893490833656173
70,0,0,1,50,5.018058258284622
70,0,0,1,60,6.073312415066134
70,0,0,1,70,6.655111553710174
70,0,0,1,80,6.763455674216722
70,0,0,1,90,6.398344776585795
70,0,0,1,100,5.559778860817385
70,0,1,0,10,-6.451599527781035
70,0,1,0,20,-3.502525298449582
70,0,1,0,30,-1.0269060872556146
70,0,1,0,40,0.9752581058008705
70,0,1,0,50,2.5039672807198734
70,0,1,0,60,3.5592214375013924
70,0,1,0,70,4.141020576145426
70,0,1,0,80,4.2493646966519805
70,0,1,0,90,3.884253799021046
70,0,1,0,100,3.0456878832526364
70,0,1,1,10,-8.382145065700126
70,0,1,1,20,-5.433070836368675
70,0,1,1,30,-2.9574516251747056
70,0,1,1,40,-0.9552874321182205
70,0,1,1,50,0.5734217428007824
70,0,1,1,60,1.6286758995822979
70,0,1,1,70,2.2104750382263347
70,0,1,1,80,2.318819158732886
70,0,1,1,90,1.9537082611019585
70,0,1,1,100,1.115142345333549
70,1,0,0,10,-8.29496136177961
70,1,0,0,20,-5.3458871324481585
70,1,0,0,30,-2.8702679212541895
70,1,0,0,40,-0.8681037281977044
70,1,0,0,50,0.6606054467212985
70,1,0,0,60,1.715859603502814
70,1,0,0,70,2.297658742146851
70,1,0,0,80,2.406002862653402
70,1,0,0,90,2.0408919650224746
70,1,0,0,100,1.202326049254065
70,1,0,1,10,-10.225506899698702
70,1,0,1,20,-7.2764326703672495
70,1,0,1,30,-4.800813459173282
70,1,0,1,40,-2.798649266116797
70,1,0,1,50,-1.2699400911977925
70,1,0,1,60,-0.21468593441627526
70,1,0,1,70,0.36711320422775984
70,1,0,1,80,0.475457324734311
70,1,0,1,90,0.11034642710338005
70,1,0,1,100,-0.7282194886650295
70,1,1,0,10,-12.739597877263446
70,1,1,0,20,-9.790523647931995
70,1,1,0,30,-7.314904436738026
70,1,1,0,40,-5.3127402436815405
70,1,1,0,50,-3.7840310687625376
70,1,1,0,60,-2.7287769119810203
70,1,1,0,70,-2.1469777733369853
70,1,1,0,80,-2.038633652830434
70,1,1,0,90,-2.403744550461365
70,1,1,0,100,-3.242310466229771
70,1,1,1,10,-14.670143415182539
70,1,1,1,20,-11.721069185851086
70,1,1,1,30,-9.245449974657118
70,1,1,1,40,-7.243285781600633
70,1,1,1,50,-5.714576606681629
70,1,1,1,60,-4.659322449900111
70,1,1,1,70,-4.077523311256076
70,1,1,1,80,-3.969179190749525
70,1,1,1,90,-4.334290088380456
70,1,1,1,100,-5.172856004148866
80,0,0,0,10,-2.900988901987569
80,0,0,0,20,0.048085327343882156
80,0,0,0,30,2.523704538537853
80,0,0,0,40,4.525868731594336
80,0,0,0,50,6.054577906513341
80,0,0,0,60,7.10983206329486
80,0,0,0,70,7.691631201938893
80,0,0,0,80,7.799975322445441
80,0,0,0,90,7.4348644248145135
80,0,0,0,100,6.596298509046104
80,0,0,1,10,-4.83153443990666
80,0,0,1,20,-1.8824602105752088
80,0,0,1,30,0.5931590006187584
80,0,0,1,40,2.5953231936752488
80,0,0,1,50,4.12403236859425
80,0,0,1,60,5.179286525375765
80,0,0,1,70,5.761085664019802
80,0,0,1,80,5.8694297845263534
80,0,0,1,90,5.504318886895419
80,0,0,1,100,4.6657529711270165
80,0,1,0,10,-7.345625417471406
80,0,1,0,20,-4.396551188139954
80,0,1,0,30,-1.920931976945985
80,0,1,0,40,0.08123221611049836
80,0,1,0,50,1.6099413910295048
80,0,1,0,60,2.665195547811024
80,0,1,0,70,3.246994686455057
80,0,1,0,80,3.355338806961605
80,0,1,0,90,2.9902279093306774
80,0,1,0,100,2.151661993562268
80,0,1,1,10,-9.276170955390498
80,0,1,1,20,-6.327096726059045
80,0,1,1,30,-3.851477514865076
80,0,1,1,40,-1.8493133218085926
80,0,1,1,50,-0.32060414688958616
80,0,1,1,60,0.7346500098919311
80,0,1,1,70,1.3164491485359662
80,0,1,1,80,1.4247932690425174
80,0,1,1,90,1.0596823714115828
80,0,1,1,100,0.22111645564317328
80,1,0,0,10,-9.188987251469982
80,1,0,0,20,-6.239913022138529
80,1,0,0,30,-3.7642938109445616
80,1,0,0,40,-1.7621296178880765
80,1,0,0,50,-0.23342044296907005
80,1,0,0,60,0.8218337138124472
80,1,0,0,70,1.4036328524564823
80,1,0,0,80,1.5119769729630335
80,1,0,0,90,1.146866075332099
80,1,0,0,100,0.3083001595636894
80,1,0,1,10,-11.119532789389073
80,1,0,1,20,-8.17045856005762
80,1,0,1,30,-5.694839348863653
80,1,0,1,40,-3.6926751558071675
80,1,0,1,50,-2.163965980888161
80,1,0,1,60,-1.1087118241066438
80,1,0,1,70,-0.5269126854626087
80,1,0,1,80,-0.41856856495605754
80,1,0,1,90,-0.7836794625869885
80,1,0,1,100,-1.622245378355398
80,1,1,0,10,-13.633623766953818
80,1,1,0,20,-10.684549537622365
80,1,1,0,30,-8.208930326428398
80,1,1,0,40,-6.206766133371913
80,1,1,0,50,-4.678056958452906
80,1,1,0,60,-3.622802801671389
80,1,1,0,70,-3.041003663027354
80,1,1,0,80,-2.9326595425208026
80,1,1,0,90,-3.2977704401517336
80,1,1,0,100,-4.136336355920147
80,1,1,1,10,-15.564169304872909
80,1,1,1,20,-12.615095075541458
80,1,1,1,30,-10.139475864347489
80,1,1,1,40,-8.137311671291004
80,1,1,1,50,-6.608602496372
80,1,1,1,60,-5.5533483395904835
80,1,1,1,70,-4.971549200946445
80,1,1,1,80,-4.863205080439897
80,1,1,1,90,-5.228315978070825
80,1,1,1,100,-6.066881893839234
90,0,0,0,10,-4.343246174688593
90,0,0,0,20,-1.394171945357142
90,0,0,0,30,1.0814472658368253
90,0,0,0,40,3.0836114588933157
90,0,0,0,50,4.612320633812317
90,0,0,0,60,5.667574790593832
90,0,0,0,70,6.249373929237866
90,0,0,0,80,6.35771804974442
90,0,0,0,90,5.992607152113493
90,0,0,0,100,5.154041236345076
90,0,0,1,10,-6.273791712607684
90,0,0,1,20,-3.324717483276233
90,0,0,1,30,-0.849098272082264
90,0,0,1,40,1.1530659209742193
90,0,0,1,50,2.681775095893226
90,0,0,1,60,3.737029252674745
90,0,0,1,70,4.318828391318778
90,0,0,1,80,4.427172511825326
90,0,0,1,90,4.062061614194398
90,0,0,1,100,3.223495698425989
90,0,1,0,10,-8.787882690172431
90,0,1,0,20,-5.838808460840978
90,0,1,0,30,-3.363189249647009
90,0,1,0,40,-1.3610250565905222
90,0,1,0,50,0.16768411832848074
90,0,1,0,60,1.222938275109998
90,0,1,0,70,1.804737413754033
90,0,1,0,80,1.9130815342605842
90,0,1,0,90,1.5479706366296568
90,0,1,0,100,0.7094047208612402
90,0,1,1,10,-10.71842822809152
90,0,1,1,20,-7.769353998760069
90,0,1,1,30,-5.2937347875661
90,0,1,1,40,-3.291570594509615
90,0,1,1,50,-1.7628614195906103
90,0,1,1,60,-0.707607262809093
90,0,1,1,70,-0.12580812416505793
90,0,1,1,80,-0.017464003658506755
90,0,1,1,90,-0.3825749012894377
90,0,1,1,100,-1.2211408170578473
90,1,0,0,10,-10.631244524171004
90,1,0,0,20,-7.682170294839553
90,1,0,0,30,-5.206551083645586
90,1,0,0,40,-3.2043868905891006
90,1,0,0,50,-1.6756777156700942
90,1,0,0,60,-0.6204235588885769
90,1,0,0,70,-0.038624420244541824
90,1,0,0,80,0.06971970026200935
90,1,0,0,90,-0.2953911973689216
90,1,0,0,100,-1.1339571131373312
90,1,0,1,10,-12.561790062090097
90,1,0,1,20,-9.612715832758644
90,1,0,1,30,-7.137096621564677
90,1,0,1,40,-5.134932428508192
90,1,0,1,50,-3.606223253589185
90,1,0,1,60,-2.550969096807668
90,1,0,1,70,-1.9691699581636328
90,1,0,1,80,-1.8608258376570816
90,1,0,1,90,-2.2259367352880126
90,1,0,1,100,-3.0645026510564257
90,1,1,0,10,-15.075881039654842
90,1,1,0,20,-12.126806810323389
90,1,1,0,30,-9.65118759912942
90,1,1,0,40,-7.649023406072937
90,1,1,0,50,-6.12031423115393
90,1,1,0,60,-5.065060074372413
90,1,1,0,70,-4.483260935728378
90,1,1,0,80,-4.374916815221827
90,1,1,0,90,-4.740027712852758
90,1,1,0,100,-5.578593628621167
90,1,1,1,10,-17.006426577573933
90,1,1,1,20,-14.057352348242482
90,1,1,1,30,-11.581733137048513
90,1,1,1,40,-9.579568943992028
90,1,1,1,50,-8.050859769073025
90,1,1,1,60,-6.995605612291504
90,1,1,1,70,-6.4138064736474725
90,1,1,1,80,-6.305462353140918
90,1,1,1,90,-6.670573250771852
90,1,1,1,100,-7.509139166540262
100,0,0,0,10,-6.333734830400276
100,0,0,0,20,-3.384660601068825
100,0,0,0,30,-0.9090413898748562
100,0,0,0,40,1.0931228031816271
100,0,0,0,50,2.6218319781006336
100,0,0,0,60,3.6770861348821526
100,0,0,0,70,4.258885273526186
100,0,0,0,80,4.367229394032741
100,0,0,0,90,4.002118496401806
100,0,0,0,100,3.1635525806333966
100,0,0,1,10,-8.264280368319369
100,0,0,1,20,-5.315206138987916
100,0,0,1,30,-2.839586927793947
100,0,0,1,40,-0.8374227347374639
100,0,0,1,50,0.6912864401815426
100,0,0,1,60,1.746540596963058
100,0,0,1,70,2.328339735607095
100,0,0,1,80,2.436683856113646
100,0,0,1,90,2.0715729584827116
100,0,0,1,100,1.233007042714302
100,0,1,0,10,-10.778371345884112
100,0,1,0,20,-7.829297116552661
100,0,1,0,30,-5.353677905358692
100,0,1,0,40,-3.351513712302207
100,0,1,0,50,-1.8228045373832025
100,0,1,0,60,-0.7675503806016852
100,0,1,0,70,-0.18575124195765014
100,0,1,0,80,-0.07740712145109896
100,0,1,0,90,-0.4425180190820299
100,0,1,0,100,-1.2810839348504395
100,0,1,1,10,-12.708916883803203
100,0,1,1,20,-9.759842654471752
100,0,1,1,30,-7.284223443277783
100,0,1,1,40,-5.282059250221298
100,0,1,1,50,-3.7533500753022935
100,0,1,1,60,-2.6980959185207762
100,0,1,1,70,-2.116296779876741
100,0,1,1,80,-2.00795265937019
100,0,1,1,90,-2.373063557001121
100,0,1,1,100,-3.211629472769534
100,1,0,0,10,-12.621733179882689
100,1,0,0,20,-9.672658950551236
100,1,0,0,30,-7.197039739357269
100,1,0,0,40,-5.194875546300784
100,1,0,0,50,-3.6661663713817774
100,1,0,0,60,-2.61091221460026
100,1,0,0,70,-2.029113075956225
100,1,0,0,80,-1.9207689554496739
100,1,0,0,90,-2.285879853080605
100,1,0,0,100,-3.124445768849018
100,1,0,1,10,-14.55227871780178
100,1,0,1,20,-11.603204488470329
100,1,0,1,30,-9.12758527727636
100,1,0,1,40,-7.125421084219875
100,1,0,1,50,-5.596711909300872
100,1,0,1,60,-4.541457752519351
100,1,0,1,70,-3.959658613875316
100,1,0,1,80,-3.851314493368765
100,1,0,1,90,-4.216425390999696
100,1,0,1,100,-5.054991306768105
100,1,1,0,10,-17.066369695366525
100,1,1,0,20,-14.117295466035072
100,1,1,0,30,-11.641676254841103
100,1,1,0,40,-9.63951206178462
100,1,1,0,50,-8.110802886865613
100,1,1,0,60,-7.055548730084096
100,1,1,0,70,-6.473749591440061
100,1,1,0,80,-6.36540547093351
100,1,1,0,90,-6.730516368564441
100,1,1,0,100,-7.5690822843328505
100,1,1,1,10,-18.996915233285616
100,1,1,1,20,-16.047841003954165
100,1,1,1,30,-13.572221792760196
100,1,1,1,40,-11.570057599703711
100,1,1,1,50,-10.041348424784708
100,1,1,1,60,-8.986094268003189
100,1,1,1,70,-8.404295129359152
100,1,1,1,80,-8.295951008852605
100,1,1,1,90,-8.661061906483532
100,1,1,1,100,-9.499627822251941
